[{"ShiftLock":false,"VVelocity":[0,0.00005208429502090439,0],"AAnimation":{"Name":"Idle","Weight":0},"CCFrame":[173.87774658203126,-16.73658561706543,-223.58349609375,-0.7315965294837952,0,0.6817378997802734,0,1,0,-0.6817378997802734,0,-0.7315965294837952],"CCameraCFrame":[187.8912811279297,-0.5746049880981445,-231.8535614013672,-0.5082436800003052,-0.5764973759651184,0.6397961974143982,1.4901161193847657e-8,0.7429009675979614,0.6694013476371765,-0.8612133264541626,0.34021899104118349,-0.37757471203804018],"time":0},{"ShiftLock":true,"VVelocity":[-3.699418306350708,0.0009103710181079805,3.5811760425567629],"AAnimation":{"Name":"Idle","Weight":0},"CCFrame":[173.85462951660157,-16.736581802368165,-223.5611114501953,-0.6837316751480103,-0.000014500842553388793,0.7297335267066956,0.000005100524049339583,1,0.000024650411432958209,-0.7297335267066956,0.000020576289898599499,-0.6837316751480103],"CCameraCFrame":[181.6859893798828,2.8596668243408205,-233.2977294921875,-0.6837354898452759,-0.6028992533683777,0.4111182689666748,-1.4901162970204497e-8,0.5633841753005981,0.8261950612068176,-0.729729950428009,0.5648989081382752,-0.3852057158946991],"time":0.008857488632202149},{"ShiftLock":true,"VVelocity":[-5.591869831085205,0.007240346632897854,5.326958656311035],"AAnimation":{"Name":"Idle","Weight":0},"CCFrame":[173.83132934570313,-16.73655128479004,-223.53890991210938,-0.681346595287323,-0.000015467936464119704,0.7319609522819519,0.000005434792910818942,1,0.00002619116821733769,-0.7319609522819519,0.000021823319912073204,-0.681346595287323],"CCameraCFrame":[181.71888732910157,2.8369617462158205,-233.27239990234376,-0.6813474893569946,-0.6039829850196838,0.41348546743392947,0,0.5649017095565796,0.8251582384109497,-0.7319601774215698,0.562219500541687,-0.38489431142807009],"time":0.011461257934570313},{"ShiftLock":true,"VVelocity":[-7.495387554168701,0.010287663899362088,7.06090784072876],"AAnimation":{"Name":"Idle","Weight":0},"CCFrame":[173.8000946044922,-16.736509323120118,-223.50949096679688,-0.6813470125198364,-0.000014112962162471377,0.7319605946540833,0.000004969230758433696,1,0.00002390665940765757,-0.7319605946540833,0.000019926012100768277,-0.6813470125198364],"CCameraCFrame":[181.69557189941407,2.8369922637939455,-233.2501983642578,-0.6813474893569946,-0.6039829850196838,0.4134855270385742,0,0.5649017691612244,0.8251582384109497,-0.7319601774215698,0.562219500541687,-0.38489437103271487],"time":0.016870975494384767},{"ShiftLock":true,"VVelocity":[-10.84418773651123,0.01142763253301382,10.111557960510254],"AAnimation":{"Name":"Idle","Weight":0},"CCFrame":[173.7157440185547,-16.736413955688478,-223.4307098388672,-0.6807489395141602,-0.000008747635547479149,0.7325168251991272,0.0000030842943488096354,1,0.00001480821447330527,-0.7325168251991272,0.000012339974091446493,-0.6807489395141602],"CCameraCFrame":[181.67227172851563,2.837034225463867,-233.21435546875,-0.6807494163513184,-0.6044418811798096,0.4137997329235077,0,0.5649017095565796,0.8251582384109497,-0.732516348361969,0.5617259740829468,-0.38455650210380556],"time":0.02282118797302246},{"ShiftLock":true,"VVelocity":[-11.391743659973145,0.010839159600436688,10.599340438842774],"AAnimation":{"Name":"Idle","Weight":0},"CCFrame":[173.66827392578126,-16.73636817932129,-223.3865509033203,-0.6807493567466736,-0.000006008431682857918,0.7325164079666138,0.00000212140912481118,1,0.000010173941518587526,-0.7325164079666138,0.000008479871212330181,-0.6807493567466736],"CCameraCFrame":[181.58792114257813,2.837129592895508,-233.13558959960938,-0.6807494163513184,-0.6044418811798096,0.4137997329235077,0,0.5649017095565796,0.8251582384109497,-0.732516348361969,0.5617259740829468,-0.38455650210380556],"time":0.02976250648498535},{"ShiftLock":true,"VVelocity":[-11.67410945892334,0.008941014297306538,10.850899696350098],"AAnimation":{"Name":"Idle","Weight":0},"CCFrame":[173.57130432128907,-16.73628807067871,-223.29641723632813,-0.6807495951652527,-0.000001876424789770681,0.7325161695480347,6.661362590421049e-7,1,0.000003180676230840618,-0.7325161695480347,0.0000026531995445111535,-0.6807495951652527],"CCameraCFrame":[181.53233337402345,2.8447532653808595,-233.08389282226563,-0.6807497143745422,-0.6046951413154602,0.4134291708469391,1.4901159417490817e-8,0.5643960237503052,0.8255042433738709,-0.7325161099433899,0.5619617700576782,-0.3842124044895172],"time":0.03581094741821289},{"ShiftLock":true,"VVelocity":[-11.702986717224121,0.007918675430119038,10.876633644104004],"AAnimation":{"Name":"Idle","Weight":0},"CCFrame":[173.5225372314453,-16.736255645751954,-223.2510986328125,-0.6807499527931213,-5.961271085652697e-7,0.7325158715248108,2.1432732921766729e-7,1,0.000001012988832371775,-0.7325158715248108,8.465902965326677e-7,-0.6807499527931213],"CCameraCFrame":[181.42726135253907,2.8524036407470705,-232.98623657226563,-0.6807499527931213,-0.604948103427887,0.41305848956108096,-1.4901159417490817e-8,0.5638901591300964,0.8258498311042786,-0.7325158715248108,0.562197208404541,-0.3838682174682617],"time":0.041666507720947269},{"ShiftLock":true,"VVelocity":[-11.717862129211426,0.006082372739911079,10.889888763427735],"AAnimation":{"Name":"Idle","Weight":0},"CCFrame":[173.42489624023438,-16.736202239990236,-223.1603546142578,-0.68075031042099,6.733810096193338e-7,0.7325155735015869,-2.3485691258429143e-7,1,-0.000001137532080974779,-0.7325155735015869,-9.464116033086611e-7,-0.68075031042099],"CCameraCFrame":[181.37037658691407,2.859994888305664,-232.93338012695313,-0.6807502508163452,-0.6052008271217346,0.4126877784729004,-1.4901161193847657e-8,0.5633842945098877,0.8261950016021729,-0.7325156927108765,0.5624324679374695,-0.38352397084236147],"time":0.04874897003173828},{"ShiftLock":true,"VVelocity":[-11.719371795654297,0.005297312047332525,10.891236305236817],"AAnimation":{"Name":"Idle","Weight":0},"CCFrame":[173.37606811523438,-16.73617935180664,-223.11497497558595,-0.6801514029502869,8.549186532036401e-7,0.7330716848373413,-2.9979130999890915e-7,1,-0.000001444363761038403,-0.7330716848373413,-0.0000012021545217066887,-0.6801514029502869],"CCameraCFrame":[181.26438903808595,2.875154495239258,-232.82113647460938,-0.6801514625549316,-0.6061657071113586,0.41225874423980715,-1.4901161193847657e-8,0.5623717308044434,0.8268846273422241,-0.7330716848373413,0.5624067783355713,-0.3824979066848755],"time":0.05447125434875488},{"ShiftLock":true,"VVelocity":[-11.727783203125,0.003962208516895771,10.883678436279297],"AAnimation":{"Name":"Idle","Weight":0},"CCFrame":[173.27835083007813,-16.736143112182618,-223.02426147460938,-0.6795521974563599,7.539187549809867e-7,0.733627200126648,-2.656642834608647e-7,1,-0.0000012737416454911,-0.733627200126648,-0.0000010604725275698002,-0.6795521974563599],"CCameraCFrame":[181.21530151367188,2.8827171325683595,-232.7617950439453,-0.6795521378517151,-0.6068776845932007,0.412199467420578,0,0.5618650317192078,0.827228844165802,-0.7336273193359375,0.5621451139450073,-0.3818165063858032],"time":0.060323476791381839},{"ShiftLock":true,"VVelocity":[-11.7341947555542,0.0034098243340849878,10.876904487609864],"AAnimation":{"Name":"Idle","Weight":0},"CCFrame":[173.22946166992188,-16.736129760742189,-222.97894287109376,-0.678952693939209,6.02778300162754e-7,0.7341820597648621,-2.1247574011340476e-7,1,-0.0000010175123179578805,-0.7341820597648621,-8.468385885862517e-7,-0.678952693939209],"CCameraCFrame":[181.09283447265626,2.912860870361328,-232.63450622558595,-0.678952693939209,-0.6083458065986633,0.41102156043052676,-1.4901161193847657e-8,0.5598360300064087,0.8286034464836121,-0.7341820597648621,0.5625825524330139,-0.3801021873950958],"time":0.06571197509765625},{"ShiftLock":true,"VVelocity":[-11.745123863220215,0.0025482275523245336,10.865164756774903],"AAnimation":{"Name":"Idle","Weight":0},"CCFrame":[173.13160705566407,-16.736106872558595,-222.8883819580078,-0.6789525151252747,2.9886297170378386e-7,0.7341822385787964,-1.0613247525270708e-7,1,-5.052177129982738e-7,-0.7341822385787964,-4.209394148801948e-7,-0.6789525151252747],"CCameraCFrame":[181.03578186035157,2.9203834533691408,-232.58163452148438,-0.6789525151252747,-0.6085975766181946,0.41064882278442385,-1.4901161193847657e-8,0.5593281984329224,0.8289462924003601,-0.7341821789741516,0.5628151893615723,-0.3797573149204254],"time":0.07189798355102539},{"ShiftLock":true,"VVelocity":[-11.746241569519043,0.002190897474065423,10.863959312438965],"AAnimation":{"Name":"Idle","Weight":0},"CCFrame":[173.08265686035157,-16.73609733581543,-222.84310913085938,-0.6783525943756104,1.742446471553194e-7,0.7347365617752075,-6.211031688962976e-8,1,-2.9449651606228147e-7,-0.7347365617752075,-2.4540719323340456e-7,-0.6783525943756104],"CCameraCFrame":[180.9048614501953,2.9578514099121095,-232.44691467285157,-0.6783525943756104,-0.6103131771087647,0.40909117460250857,1.4901161193847657e-8,0.5567861795425415,0.8306558728218079,-0.7347365021705627,0.5634775757789612,-0.3776973783969879],"time":0.07860755920410156},{"ShiftLock":true,"VVelocity":[-11.754439353942871,0.0016134048346430064,10.855088233947754],"AAnimation":{"Name":"Idle","Weight":0},"CCFrame":[172.98471069335938,-16.736082077026368,-222.7526397705078,-0.6777516603469849,1.5756571158931366e-8,0.7352908849716187,-5.863762808644424e-9,1,-2.6833932409431328e-8,-0.7352908849716187,-2.2498314322660918e-8,-0.6777516603469849],"CCameraCFrame":[180.83091735839845,2.987691879272461,-232.36505126953126,-0.6777517199516296,-0.6117751002311707,0.40790194272994997,-1.4901161193847657e-8,0.5547491312026978,0.8320177793502808,-0.7352908849716187,0.5639014840126038,-0.3759821653366089],"time":0.08472037315368653},{"ShiftLock":true,"VVelocity":[-11.760821342468262,0.001374592655338347,10.848173141479493],"AAnimation":{"Name":"Idle","Weight":0},"CCFrame":[172.9357147216797,-16.73607635498047,-222.7074432373047,-0.6777518391609192,-2.383998598531889e-8,0.7352907061576843,8.218477454136064e-9,1,3.9997885892262278e-8,-0.7352907061576843,3.3151611233961378e-8,-0.6777518391609192],"CCameraCFrame":[180.69187927246095,3.02484130859375,-232.23670959472657,-0.6777519583702087,-0.6130214929580689,0.4060259163379669,1.4901159417490817e-8,0.5521978735923767,0.833713173866272,-0.7352906465530396,0.5650507211685181,-0.37425315380096438],"time":0.08929824829101563},{"ShiftLock":true,"VVelocity":[-11.763212203979493,0.0011737255845218897,10.845582008361817],"AAnimation":{"Name":"Idle","Weight":0},"CCFrame":[172.88670349121095,-16.73607063293457,-222.66224670410157,-0.6771515011787415,-4.405605125157308e-8,0.7358435988426209,1.5463140101701357e-8,1,7.410125846263327e-8,-0.7358435988426209,6.155623566428403e-8,-0.6771515011787415],"CCameraCFrame":[180.62591552734376,3.0470447540283205,-232.1624755859375,-0.6771515011787415,-0.6142282485961914,0.40520307421684267,-1.4901157641133978e-8,0.5506646633148193,0.8347266316413879,-0.7358435988426209,0.5652363896369934,-0.3728834390640259],"time":0.09556269645690918},{"ShiftLock":true,"VVelocity":[-11.772050857543946,0.000847962568514049,10.835993766784668],"AAnimation":{"Name":"Idle","Weight":0},"CCFrame":[172.78860473632813,-16.73606300354004,-222.57192993164063,-0.6765498518943787,-5.6929899017177379e-8,0.7363967895507813,2.0185746407719308e-8,1,9.58539772000222e-8,-0.7363967895507813,7.971471660539464e-8,-0.6765498518943787],"CCameraCFrame":[180.54335021972657,3.083904266357422,-232.0730743408203,-0.6765499711036682,-0.6159290075302124,0.4036230146884918,1.4901162970204497e-8,0.5481053590774536,0.8364092111587524,-0.7363967299461365,0.5658726096153259,-0.3708206117153168],"time":0.1016395092010498},{"ShiftLock":true,"VVelocity":[-11.778487205505371,0.0007215326186269522,10.828996658325196],"AAnimation":{"Name":"Idle","Weight":0},"CCFrame":[172.73953247070313,-16.736059188842775,-222.5268096923828,-0.6765495538711548,-6.333965529847774e-8,0.7363971471786499,2.2546295497249959e-8,1,1.067268442511704e-7,-0.7363971471786499,8.880902413466174e-8,-0.6765495538711548],"CCameraCFrame":[180.4038848876953,3.1206016540527345,-231.9447479248047,-0.6765496730804443,-0.617162823677063,0.40173450112342837,0,0.5455406904220581,0.83808434009552,-0.7363970279693604,0.5670056939125061,-0.3690853416919708],"time":0.10762596130371094},{"ShiftLock":true,"VVelocity":[-11.781808853149414,0.0005186471971683204,10.825385093688965],"AAnimation":{"Name":"Idle","Weight":0},"CCFrame":[172.641357421875,-16.736055374145509,-222.4365997314453,-0.6759476065635681,-5.5475616989042467e-8,0.7369496822357178,1.9829911934721168e-8,1,9.346581464342307e-8,-0.7369496822357178,7.779163979648729e-8,-0.6759476065635681],"CCameraCFrame":[180.31268310546876,3.1644058227539064,-231.8477325439453,-0.6759477853775024,-0.6190995573997498,0.39976295828819277,0,0.542456328868866,0.8400840163230896,-0.7369495630264282,0.5678529143333435,-0.3666721284389496],"time":0.11492156982421875},{"ShiftLock":true,"VVelocity":[-11.787673950195313,0.0004477624606806785,10.81899642944336],"AAnimation":{"Name":"Idle","Weight":0},"CCFrame":[172.5922393798828,-16.736053466796876,-222.3915252685547,-0.674743115901947,-5.1635574038755297e-8,0.7380526065826416,1.846133201865996e-8,1,8.683964836109226e-8,-0.7380526065826416,7.221989051231503e-8,-0.674743115901947],"CCameraCFrame":[180.1547088623047,3.2296390533447267,-231.67657470703126,-0.6747432351112366,-0.6222241520881653,0.39693665504455569,0,0.5378162860870361,0.8430621027946472,-0.7380525469779968,0.5688504576683044,-0.3628879189491272],"time":0.11978721618652344},{"ShiftLock":true,"VVelocity":[-11.805863380432129,0.0003280334349256009,10.799141883850098],"AAnimation":{"Name":"Idle","Weight":0},"CCFrame":[172.49388122558595,-16.73604965209961,-222.301513671875,-0.6741399168968201,-4.376307316533712e-8,0.7386037111282349,1.5714217482809546e-8,1,7.359380305160812e-8,-0.7386037111282349,6.121909734702058e-8,-0.6741399168968201],"CCameraCFrame":[180.07131958007813,3.265634536743164,-231.58718872070313,-0.6741400361061096,-0.623902440071106,0.39532390236854555,-1.4901162970204497e-8,0.5352315306663513,0.8447054028511047,-0.7386035919189453,0.5694497227668762,-0.3608209788799286],"time":0.12603306770324708},{"ShiftLock":true,"VVelocity":[-11.813234329223633,0.0002729726256802678,10.791078567504883],"AAnimation":{"Name":"Idle","Weight":0},"CCFrame":[172.4446563720703,-16.736047744750978,-222.2565460205078,-0.6723282933235169,-3.9948453434135447e-8,0.7402531504631043,1.4324886166150464e-8,1,6.697638355035451e-8,-0.7402531504631043,5.5634160389672618e-8,-0.6723282933235169],"CCameraCFrame":[179.90298461914063,3.3442153930664064,-231.3948211669922,-0.6723284125328064,-0.6279515027999878,0.3919841945171356,0,0.5295273065567017,0.8482929468154907,-0.7402530908584595,0.5703314542770386,-0.35601621866226199],"time":0.13175678253173829},{"ShiftLock":true,"VVelocity":[-11.839715003967286,0.00019038139726035297,10.76201057434082],"AAnimation":{"Name":"Idle","Weight":0},"CCFrame":[172.3460235595703,-16.736047744750978,-222.1668243408203,-0.6711182594299316,-3.211286170312633e-8,0.7413503527641296,1.1525502330300697e-8,1,5.3750344619629689e-8,-0.7413503527641296,4.4617273431413199e-8,-0.6711182594299316],"CCameraCFrame":[179.7840576171875,3.4149246215820314,-231.26119995117188,-0.6711182594299316,-0.631275475025177,0.38870513439178469,1.4901161193847657e-8,0.5243204236030579,0.8515210747718811,-0.7413504123687744,0.5714713335037231,-0.3518809676170349],"time":0.13901710510253907},{"ShiftLock":true,"VVelocity":[-11.85339641571045,0.0001746382040437311,10.746935844421387],"AAnimation":{"Name":"Idle","Weight":0},"CCFrame":[172.296630859375,-16.736047744750978,-222.12203979492188,-0.6692992448806763,-2.8260181750283665e-8,0.7429929971694946,1.011006123263769e-8,1,4.714289403295879e-8,-0.7429929971694946,3.9064406820443767e-8,-0.6692992448806763],"CCameraCFrame":[179.6309356689453,3.477954864501953,-231.0845184326172,-0.6692990660667419,-0.6348123550415039,0.3860723376274109,1.4901162970204497e-8,0.5196176171302795,0.854398787021637,-0.7429930567741394,0.5718483328819275,-0.34777963161468508],"time":0.14507579803466798},{"ShiftLock":true,"VVelocity":[-11.883039474487305,0.00016147851420100778,10.714149475097657],"AAnimation":{"Name":"Idle","Weight":0},"CCFrame":[172.1976318359375,-16.736047744750978,-222.03271484375,-0.6680843234062195,-2.040263424873956e-8,0.7440855503082275,7.258504464147109e-9,1,3.393686043295929e-8,-0.7440855503082275,2.807363230772353e-8,-0.6680843234062195],"CCameraCFrame":[179.51065063476563,3.5473270416259767,-230.9510955810547,-0.6680842638015747,-0.6381025910377502,0.38273826241493227,-1.4901161193847657e-8,0.5143739581108093,0.8575660586357117,-0.7440856695175171,0.57292640209198,-0.3436451256275177],"time":0.15033268928527833},{"ShiftLock":true,"VVelocity":[-11.89699649810791,0.0001589757448527962,10.698648452758789],"AAnimation":{"Name":"Idle","Weight":0},"CCFrame":[172.14805603027345,-16.736047744750978,-221.98814392089845,-0.6662593483924866,-1.6511954470388447e-8,0.7457201480865479,5.817013537523508e-9,1,2.7339471131426764e-8,-0.7457201480865479,2.2553042100526e-8,-0.6662593483924866],"CCameraCFrame":[179.3472900390625,3.615995407104492,-230.7672576904297,-0.6662593483924866,-0.6418421864509583,0.3796541690826416,1.4901161193847657e-8,0.5091108083724976,0.8607010841369629,-0.7457202076911926,0.5734501481056213,-0.3391997814178467],"time":0.15801286697387696},{"ShiftLock":true,"VVelocity":[-11.918575286865235,0.00015760326641611755,10.674586296081543],"AAnimation":{"Name":"Idle","Weight":0},"CCFrame":[172.098388671875,-16.736047744750978,-221.94366455078126,-0.6644303202629089,-1.260860305052347e-8,0.7473502159118652,4.3596748433571978e-9,1,2.074703786547616e-8,-0.7473502159118652,1.7043165101426895e-8,-0.6644303202629089],"CCameraCFrame":[179.1979522705078,3.7109375,-230.59744262695313,-0.6644303202629089,-0.6464847326278687,0.3749532103538513,0,0.5017101764678955,0.8650357723236084,-0.74735027551651,0.5747559666633606,-0.3333514332771301],"time":0.16271352767944337},{"ShiftLock":true,"VVelocity":[-11.952115058898926,0.00015647299005649984,10.637030601501465],"AAnimation":{"Name":"Idle","Weight":0},"CCFrame":[171.9988250732422,-16.736047744750978,-221.85498046875,-0.6638190746307373,-4.707958911609467e-9,0.7478931546211243,1.4351585475580464e-9,1,7.568787374623298e-9,-0.7478931546211243,6.097651272796156e-9,-0.6638190746307373],"CCameraCFrame":[179.10317993164063,3.751201629638672,-230.50091552734376,-0.6638191342353821,-0.6483291387557983,0.3728451430797577,0,0.49852728843688967,0.8668740391731262,-0.7478931546211243,0.5754475593566895,-0.33093196153640749],"time":0.16875457763671876},{"ShiftLock":true,"VVelocity":[-11.9642972946167,0.00015615005395375192,10.623345375061036],"AAnimation":{"Name":"Idle","Weight":0},"CCFrame":[171.89913940429688,-16.736047744750978,-221.7664337158203,-0.6632075905799866,3.198247444657909e-9,0.7484354972839356,-1.498873025695957e-9,1,-5.601433095137054e-9,-0.7484354972839356,-4.836722578005492e-9,-0.6632075905799866],"CCameraCFrame":[178.92340087890626,3.817737579345703,-230.32923889160157,-0.6632075309753418,-0.6510728597640991,0.3691340684890747,0,0.49320757389068606,0.8699117302894592,-0.7484355568885803,0.5769320130348206,-0.3270989656448364],"time":0.17504048347473145},{"ShiftLock":true,"VVelocity":[-11.970967292785645,0.00015606931992806494,10.615829467773438],"AAnimation":{"Name":"Idle","Weight":0},"CCFrame":[171.84925842285157,-16.736047744750978,-221.72219848632813,-0.6625956296920776,7.15652515026477e-9,0.7489773035049439,-2.970799162227422e-9,1,-1.2183231312690168e-8,-0.7489773035049439,-1.0297616981347346e-8,-0.6625956296920776],"CCameraCFrame":[178.7518310546875,3.877004623413086,-230.16531372070313,-0.6625957489013672,-0.6535707116127014,0.3658033311367035,1.4901162970204497e-8,0.4884037971496582,0.8726176619529724,-0.7489771842956543,0.5781927704811096,-0.32361429929733279],"time":0.1809253692626953},{"ShiftLock":true,"VVelocity":[-11.981853485107422,0.00015606931992806494,10.60354232788086],"AAnimation":{"Name":"Idle","Weight":0},"CCFrame":[171.74942016601563,-16.736047744750978,-221.6338348388672,-0.6619837880134583,1.5071048409254219e-8,0.7495181560516357,-5.9244547045977928e-9,1,-2.5340201048607015e-8,-0.7495181560516357,-2.1215289081055745e-8,-0.6619837880134583],"CCameraCFrame":[178.6385040283203,3.929201126098633,-230.0533905029297,-0.6619839668273926,-0.6558288335800171,0.3628578782081604,0,0.4841216206550598,0.8750007152557373,-0.7495180368423462,0.5792364478111267,-0.32048073410987856],"time":0.18808555603027345},{"ShiftLock":true,"VVelocity":[-11.988375663757325,0.00015606931992806494,10.59616756439209],"AAnimation":{"Name":"Idle","Weight":0},"CCFrame":[171.699462890625,-16.736047744750978,-221.58969116210938,-0.6619841456413269,1.902282953381018e-8,0.7495178580284119,-7.400806190105413e-9,1,-3.191657782508628e-8,-0.7495178580284119,-2.6675305520029725e-8,-0.6619841456413269],"CCameraCFrame":[178.4505157470703,3.9937992095947267,-229.88717651367188,-0.6619842052459717,-0.6580392122268677,0.3588334619998932,-1.4901159417490817e-8,0.478752464056015,0.8779500126838684,-0.7495178580284119,0.5811890363693237,-0.3169265389442444],"time":0.19260692596435548},{"ShiftLock":true,"VVelocity":[-11.990818977355957,0.00015606931992806494,10.593404769897461],"AAnimation":{"Name":"Idle","Weight":0},"CCFrame":[171.64950561523438,-16.736047744750978,-221.54554748535157,-0.6613711714744568,2.2995578774498428e-8,0.7500588297843933,-8.882216739891647e-9,1,-3.8490341580654788e-8,-0.7500588297843933,-3.2118588677576557e-8,-0.6613711714744568],"CCameraCFrame":[178.3719482421875,4.019435882568359,-229.80636596679688,-0.6613711714744568,-0.6593920588493347,0.35747775435447695,0,0.47659969329833987,0.8791204690933228,-0.7500588297843933,0.5814249515533447,-0.3152092695236206],"time":0.1987755298614502},{"ShiftLock":true,"VVelocity":[-11.999517440795899,0.00015606931992806494,10.583551406860352],"AAnimation":{"Name":"Idle","Weight":0},"CCFrame":[171.5495147705078,-16.736047744750978,-221.45733642578126,-0.6613714694976807,3.08949275051873e-8,0.7500584721565247,-1.1844084824019774e-8,1,-5.163366623150978e-8,-0.7500584721565247,-4.30327915523776e-8,-0.6613714694976807],"CCameraCFrame":[178.25997924804688,4.064027786254883,-229.70755004882813,-0.6613715887069702,-0.660918653011322,0.35464659333229067,0,0.472825288772583,0.8811562657356262,-0.7500584125518799,0.5827717185020447,-0.31271320581436159],"time":0.2048962116241455},{"ShiftLock":true,"VVelocity":[-12.00073528289795,0.00015606931992806494,10.582171440124512],"AAnimation":{"Name":"Idle","Weight":0},"CCFrame":[171.4495086669922,-16.736047744750978,-221.369140625,-0.6613718271255493,3.879089760516763e-8,0.7500581741333008,-1.4804680148472471e-8,1,-6.477137048932491e-8,-0.7500581741333008,-5.3942329714118389e-8,-0.6613718271255493],"CCameraCFrame":[178.09783935546876,4.108259201049805,-229.56454467773438,-0.6613719463348389,-0.6624330878257752,0.3518091142177582,0,0.46904247999191286,0.8831756711006165,-0.750058114528656,0.5841076374053955,-0.31021150946617129],"time":0.2128145694732666},{"ShiftLock":true,"VVelocity":[-12.000856399536133,0.00015606931992806494,10.582033157348633],"AAnimation":{"Name":"Idle","Weight":0},"CCFrame":[171.39950561523438,-16.736047744750978,-221.32504272460938,-0.6613720059394836,4.273761433637446e-8,0.7500579953193665,-1.628450085888744e-8,1,-7.13381140826641e-8,-0.7500579953193665,-5.939535441257249e-8,-0.6613720059394836],"CCameraCFrame":[177.90879821777345,4.170831680297852,-229.39784240722657,-0.6613719463348389,-0.6645758748054504,0.3477441966533661,-1.4901161193847657e-8,0.4636230170726776,0.8860325217247009,-0.750058114528656,0.5859970450401306,-0.3066272735595703],"time":0.21710538864135743},{"ShiftLock":true,"VVelocity":[-12.000917434692383,0.00015606931992806494,10.581961631774903],"AAnimation":{"Name":"Idle","Weight":0},"CCFrame":[171.29949951171876,-16.736047744750978,-221.23684692382813,-0.6613712906837463,5.062859642634976e-8,0.750058650970459,-1.9243202586949338e-8,1,-8.446738775091944e-8,-0.750058650970459,-7.029783688494718e-8,-0.6613712906837463],"CCameraCFrame":[177.81417846679688,4.201847076416016,-229.31439208984376,-0.6613712906837463,-0.6656384468078613,0.3457072079181671,0,0.46090689301490786,0.8874485492706299,-0.750058650970459,0.5869330167770386,-0.3048306107521057],"time":0.22290754318237306},{"ShiftLock":true,"VVelocity":[-12.000930786132813,0.00015606931992806494,10.581949234008789],"AAnimation":{"Name":"Idle","Weight":0},"CCFrame":[171.24949645996095,-16.736047744750978,-221.1927490234375,-0.6613718271255493,5.457274099285314e-8,0.7500581741333008,-2.0722074722812068e-8,1,-9.102992493126294e-8,-0.7500581741333008,-7.574738702942341e-8,-0.6613718271255493],"CCameraCFrame":[177.6426239013672,4.251089096069336,-229.16311645507813,-0.6613718271255493,-0.6673243641853333,0.34244057536125185,0,0.45655199885368349,0.8896967172622681,-0.7500582337379456,0.5884203314781189,-0.3019506335258484],"time":0.2302091121673584},{"ShiftLock":true,"VVelocity":[-12.000929832458496,0.00015606931992806494,10.581948280334473],"AAnimation":{"Name":"Idle","Weight":0},"CCFrame":[171.1494903564453,-16.736047744750978,-221.10455322265626,-0.6607595086097717,6.25204066295737e-8,0.7505977153778076,-2.368958007537003e-8,1,-1.0414836282279794e-7,-0.7505977153778076,-8.659836225888285e-8,-0.6607595086097717],"CCameraCFrame":[177.50933837890626,4.311983108520508,-229.0348358154297,-0.6607593894004822,-0.6698911786079407,0.33858945965766909,-2.980232594040899e-8,0.4510931074619293,0.8924768567085266,-0.7505978345870972,0.5897124409675598,-0.2980639934539795],"time":0.23558497428894044},{"ShiftLock":true,"VVelocity":[-12.006326675415039,0.00015606931992806494,10.575824737548829],"AAnimation":{"Name":"Idle","Weight":0},"CCFrame":[171.09945678710938,-16.736047744750978,-221.06048583984376,-0.660759687423706,6.64620500856472e-8,0.7505975365638733,-2.5172854023480796e-8,1,-1.1070547856206758e-7,-0.7505975365638733,-9.204440232224442e-8,-0.660759687423706],"CCameraCFrame":[177.36434936523438,4.342157363891602,-228.90704345703126,-0.6607595682144165,-0.6709251403808594,0.33653581142425539,-1.4901162970204497e-8,0.4483571946620941,0.8938544988632202,-0.7505977153778076,0.5906229019165039,-0.29625627398490908],"time":0.24270296096801759},{"ShiftLock":true,"VVelocity":[-12.00910758972168,0.00015606931992806494,10.572670936584473],"AAnimation":{"Name":"Idle","Weight":0},"CCFrame":[170.9993896484375,-16.736047744750978,-220.97238159179688,-0.6607595086097717,6.414496311890616e-8,0.7505977153778076,-2.4281138877313425e-8,1,-1.0683346118867121e-7,-0.7505977153778076,-8.881659141479759e-8,-0.6607595086097717],"CCameraCFrame":[177.22415161132813,4.401952743530273,-228.78359985351563,-0.6607593894004822,-0.6729744076728821,0.33241933584213259,0,0.4428728222846985,0.8965844511985779,-0.7505978941917419,0.592426598072052,-0.2926323115825653],"time":0.24852442741394044},{"ShiftLock":true,"VVelocity":[-12.009393692016602,0.00015606931992806494,10.572344779968262],"AAnimation":{"Name":"Idle","Weight":0},"CCFrame":[170.94935607910157,-16.736047744750978,-220.92832946777345,-0.6607600450515747,5.7888293270025318e-8,0.7505972385406494,-2.190697223625193e-8,1,-9.640795894938492e-8,-0.7505972385406494,-8.014583841031708e-8,-0.6607600450515747],"CCameraCFrame":[177.06080627441407,4.443370819091797,-228.63980102539063,-0.6607599854469299,-0.6743932962417603,0.329530268907547,-1.4901161193847657e-8,0.43902409076690676,0.8984754085540772,-0.750597357749939,0.5936766266822815,-0.29008948802948],"time":0.25299930572509768},{"ShiftLock":true,"VVelocity":[-12.009532928466797,0.00015606931992806494,10.572184562683106],"AAnimation":{"Name":"Idle","Weight":0},"CCFrame":[170.8492889404297,-16.736047744750978,-220.84022521972657,-0.6607598662376404,4.5379113799981499e-8,0.750597357749939,-1.7160161291940314e-8,1,-7.556362646710113e-8,-0.750597357749939,-6.280978936956672e-8,-0.6607598662376404],"CCameraCFrame":[176.97454833984376,4.466876983642578,-228.56385803222657,-0.6607598066329956,-0.6751989126205444,0.327876478433609,0,0.4368206858634949,0.8995486497879028,-0.7505974173545837,0.59438556432724,-0.2886335551738739],"time":0.2601127624511719},{"ShiftLock":true,"VVelocity":[-12.009549140930176,0.00015606931992806494,10.57216739654541],"AAnimation":{"Name":"Idle","Weight":0},"CCFrame":[170.79925537109376,-16.736047744750978,-220.79617309570313,-0.660760223865509,3.91264904919808e-8,0.7505970597267151,-1.4787523205939124e-8,1,-6.514480332953099e-8,-0.7505970597267151,-5.4144567940284108e-8,-0.660760223865509],"CCameraCFrame":[176.79283142089845,4.519329071044922,-228.4038848876953,-0.6607603430747986,-0.6769958734512329,0.32414865493774416,1.4901159417490817e-8,0.4318544566631317,0.9019433259963989,-0.7505969405174255,0.5959683656692505,-0.28535228967666628],"time":0.26574277877807619},{"ShiftLock":true,"VVelocity":[-12.009551048278809,0.00015606931992806494,10.572165489196778],"AAnimation":{"Name":"Idle","Weight":0},"CCFrame":[170.7492218017578,-16.736047744750978,-220.7521209716797,-0.660760760307312,3.287519589889598e-8,0.7505965828895569,-1.2415398487064522e-8,1,-5.472820419072377e-8,-0.7505965828895569,-4.548120458025551e-8,-0.660760760307312],"CCameraCFrame":[176.6973419189453,4.548210144042969,-228.31980895996095,-0.660760760307312,-0.6779853701591492,0.3220733404159546,0,0.42908981442451479,0.9032618999481201,-0.7505966424942017,0.5968400239944458,-0.283525675535202],"time":0.2717611789703369},{"ShiftLock":true,"VVelocity":[-12.009547233581543,0.00015606931992806494,10.57217025756836],"AAnimation":{"Name":"Idle","Weight":0},"CCFrame":[170.64915466308595,-16.736047744750978,-220.6640167236328,-0.6613736748695374,2.0339529172019867e-8,0.7500566244125366,-7.689680003863942e-9,1,-3.3897816109629278e-8,-0.7500566244125366,-2.8186818212816435e-8,-0.6613736748695374],"CCameraCFrame":[176.55921936035157,4.599729537963867,-228.2083282470703,-0.6613736152648926,-0.6792618632316589,0.31810110807418826,-1.4901161193847657e-8,0.4241028130054474,0.9056140780448914,-0.7500566244125366,0.5989492535591126,-0.2804904282093048],"time":0.2774691581726074},{"ShiftLock":true,"VVelocity":[-12.004145622253418,0.00015606931992806494,10.578300476074219],"AAnimation":{"Name":"Idle","Weight":0},"CCFrame":[170.59913635253907,-16.736047744750978,-220.61993408203126,-0.6613742113113403,1.4092258027176286e-8,0.7500561475753784,-5.327585483883013e-9,1,-2.348595629086958e-8,-0.7500561475753784,-1.9528993533413087e-8,-0.6613742113113403],"CCameraCFrame":[176.41354370117188,4.628091812133789,-228.08001708984376,-0.6613742113113403,-0.680232584476471,0.31601881980895998,0,0.4213269054889679,0.9069089293479919,-0.7500560879707336,0.5998061895370483,-0.2786547541618347],"time":0.2842142581939697},{"ShiftLock":true,"VVelocity":[-12.002115249633789,0.00015606931992806494,10.580604553222657],"AAnimation":{"Name":"Idle","Weight":0},"CCFrame":[170.54913330078126,-16.736047744750978,-220.5758514404297,-0.6619862914085388,7.830394999075452e-9,0.749515950679779,-2.9744942064979797e-9,1,-1.3074396676415745e-8,-0.749515950679779,-1.0884502188446277e-8,-0.6619862914085388],"CCameraCFrame":[176.27528381347657,4.6786651611328129,-227.96804809570313,-0.6619863510131836,-0.6814731955528259,0.312038779258728,-1.4901162970204497e-8,0.41632044315338137,0.909217894077301,-0.7495158314704895,0.6018898487091065,-0.2755984663963318],"time":0.2897474765777588},{"ShiftLock":true,"VVelocity":[-11.993640899658204,0.000002835549821611494,10.590210914611817],"AAnimation":{"Name":"Idle","Weight":0},"CCFrame":[170.4491729736328,-16.736047744750978,-220.48760986328126,-0.6632096171379089,-4.675224651862209e-9,0.7484336495399475,1.6961715365582109e-9,1,7.749707542359375e-9,-0.7484336495399475,6.4091523199749648e-9,-0.6632096171379089],"CCameraCFrame":[176.158447265625,4.712047576904297,-227.8846435546875,-0.6632097363471985,-0.6816299557685852,0.30908504128456118,1.4901159417490817e-8,0.41297590732574465,0.9107420444488525,-0.7484335899353027,0.6040129661560059,-0.2738896310329437],"time":0.2957119941711426},{"ShiftLock":true,"VVelocity":[-11.981950759887696,-0.000012746177162625827,10.603426933288575],"AAnimation":{"Name":"Idle","Weight":0},"CCFrame":[170.3992462158203,-16.736047744750978,-220.4434356689453,-0.6638216376304627,-1.0911892722731409e-8,0.7478908896446228,4.0222389863231459e-9,1,1.8160324799509909e-8,-0.7478908896446228,1.5063413627558476e-8,-0.6638216376304627],"CCameraCFrame":[176.01593017578126,4.734153747558594,-227.76852416992188,-0.663821816444397,-0.6818904280662537,0.30719083547592165,1.4901161193847657e-8,0.4107428789138794,0.9117512702941895,-0.747890830039978,0.6052404046058655,-0.2726600468158722],"time":0.3020768165588379},{"ShiftLock":true,"VVelocity":[-11.968460083007813,-0.000020738876628456638,10.618656158447266],"AAnimation":{"Name":"Idle","Weight":0},"CCFrame":[170.29949951171876,-16.736047744750978,-220.35496520996095,-0.6650428771972656,-2.3367084267533756e-8,0.7468051910400391,8.638866511034849e-9,1,3.898245992672855e-8,-0.7468051910400391,3.237655477050794e-8,-0.6650428771972656],"CCameraCFrame":[175.87176513671876,4.783452987670898,-227.66012573242188,-0.6650430560112,-0.6825814247131348,0.30298587679862978,-1.4901159417490817e-8,0.40570950508117678,0.9140021204948425,-0.7468050718307495,0.6078507900238037,-0.26981425285339358],"time":0.3089911937713623},{"ShiftLock":true,"VVelocity":[-11.956223487854004,-0.000021546220523305238,10.632426261901856],"AAnimation":{"Name":"Idle","Weight":0},"CCFrame":[170.2496795654297,-16.736047744750978,-220.3106689453125,-0.6662623286247253,-2.9552060354376409e-8,0.745717465877533,1.0929430693806808e-8,1,4.939394671055197e-8,-0.745717465877533,4.105959305888973e-8,-0.6662623286247253],"CCameraCFrame":[175.69613647460938,4.821376800537109,-227.52333068847657,-0.6662623286247253,-0.6828784942626953,0.29961898922920229,0,0.4017862379550934,0.9157335162162781,-0.745717465877533,0.6101187467575073,-0.26769503951072695],"time":0.3153107166290283},{"ShiftLock":true,"VVelocity":[-11.934958457946778,-0.00004076099139638245,10.656291961669922],"AAnimation":{"Name":"Idle","Weight":0},"CCFrame":[170.1501922607422,-16.736047744750978,-220.22189331054688,-0.6674799919128418,-4.1956752738769867e-8,0.7446277141571045,1.547506656152109e-8,1,7.021770898063551e-8,-0.7446277141571045,5.839207872782026e-8,-0.6674799919128418],"CCameraCFrame":[175.5704803466797,4.8589324951171879,-227.4303741455078,-0.6674799919128418,-0.6831573843955994,0.29625415802001955,-1.4901162970204497e-8,0.39785540103912356,0.9174481630325317,-0.7446277737617493,0.6123782992362976,-0.265560507774353],"time":0.32109618186950686},{"ShiftLock":true,"VVelocity":[-11.921886444091797,-0.00004261788126314059,10.67090892791748],"AAnimation":{"Name":"Idle","Weight":0},"CCFrame":[170.10052490234376,-16.736047744750978,-220.17742919921876,-0.6693031787872315,-4.804741848829508e-8,0.7429893612861633,1.7721635714451623e-8,1,8.063179279815813e-8,-0.7429893612861633,6.713410272141118e-8,-0.6693031787872315],"CCameraCFrame":[175.38027954101563,4.901399612426758,-227.28863525390626,-0.6693032383918762,-0.6830947995185852,0.2922581732273102,0,0.39335447549819949,0.9193869829177856,-0.7429894208908081,0.6153486967086792,-0.2632733881473541],"time":0.32578015327453616},{"ShiftLock":true,"VVelocity":[-11.900601387023926,-0.00004318302308092825,10.694622993469239],"AAnimation":{"Name":"Idle","Weight":0},"CCFrame":[170.05093383789063,-16.736047744750978,-220.13287353515626,-0.6699100136756897,-5.422513638109194e-8,0.74244225025177,1.995921827813163e-8,1,9.104547871174873e-8,-0.74244225025177,7.58108527065815e-8,-0.6699100136756897],"CCameraCFrame":[175.2790069580078,4.927694320678711,-227.20709228515626,-0.6699101328849793,-0.6834830641746521,0.2899508774280548,0,0.3905366361141205,0.9205874800682068,-0.74244225025177,0.616710901260376,-0.26162442564964297],"time":0.331770658493042},{"ShiftLock":true,"VVelocity":[-11.882102966308594,-0.00004350595918367617,10.715194702148438],"AAnimation":{"Name":"Idle","Weight":0},"CCFrame":[169.95188903808595,-16.736047744750978,-220.04360961914063,-0.6711212992668152,-6.656246398506483e-8,0.7413475513458252,2.4398948639259289e-8,1,1.1187346160568268e-7,-0.7413475513458252,9.31687651473112e-8,-0.6711212992668152],"CCameraCFrame":[175.12623596191407,4.979717254638672,-227.08798217773438,-0.6711214780807495,-0.6842359900474548,0.285336971282959,1.4901161193847657e-8,0.3848896622657776,0.9229626655578613,-0.7413474321365356,0.619420051574707,-0.25830769538879397],"time":0.33796095848083498},{"ShiftLock":true,"VVelocity":[-11.8692626953125,-0.00005698859240510501,10.729411125183106],"AAnimation":{"Name":"Idle","Weight":0},"CCFrame":[169.90243530273438,-16.736047744750978,-219.9989013671875,-0.6723324060440064,-6.197218027637064e-8,0.7402493953704834,2.2718177561387166e-8,1,1.043517841026187e-7,-0.7402493953704834,8.697620756947799e-8,-0.6723324060440064],"CCameraCFrame":[174.95159912109376,5.015682220458984,-226.94866943359376,-0.6723324656486511,-0.6844379901885986,0.281981885433197,-1.4901161193847657e-8,0.38092827796936037,0.9246046543121338,-0.7402493357658386,0.6216417551040649,-0.25611045956611636],"time":0.3442373275756836},{"ShiftLock":true,"VVelocity":[-11.847542762756348,-0.00006377027602866292,10.753396034240723],"AAnimation":{"Name":"Idle","Weight":0},"CCFrame":[169.80368041992188,-16.736047744750978,-219.90931701660157,-0.6735411882400513,-5.2957048524149289e-8,0.7391496896743774,1.9382287774760699e-8,1,8.930778250260119e-8,-0.7391496896743774,7.447888350498033e-8,-0.6735411882400513],"CCameraCFrame":[174.82659912109376,5.051277160644531,-226.85357666015626,-0.6735413074493408,-0.6846224069595337,0.2786296308040619,0,0.37695974111557009,0.92622971534729,-0.7391496896743774,0.6238539814949036,-0.25389790534973147],"time":0.3513791561126709},{"ShiftLock":true,"VVelocity":[-11.834324836730957,-0.00006433541420847178,10.767935752868653],"AAnimation":{"Name":"Idle","Weight":0},"CCFrame":[169.75436401367188,-16.736047744750978,-219.8644561767578,-0.6741450428962708,-4.846112489076404e-8,0.7385989427566528,1.7721026424055709e-8,1,8.178682975312768e-8,-0.7385989427566528,6.822492082392273e-8,-0.6741450428962708],"CCameraCFrame":[174.64874267578126,5.091493606567383,-226.70091247558595,-0.674144983291626,-0.6854684948921204,0.27506619691848757,0,0.3724161386489868,0.928065836429596,-0.7385990023612976,0.625650942325592,-0.2510624825954437],"time":0.35677671432495119},{"ShiftLock":true,"VVelocity":[-11.819938659667969,-0.00006457761628553271,10.783734321594239],"AAnimation":{"Name":"Idle","Weight":0},"CCFrame":[169.6558380126953,-16.736047744750978,-219.77459716796876,-0.6753506064414978,-3.9482390690182e-8,0.7374968528747559,1.4424132999124595e-8,1,6.674434160913734e-8,-0.7374968528747559,5.57135813039622e-8,-0.6753506064414978],"CCameraCFrame":[174.5239715576172,5.126287460327148,-226.60504150390626,-0.675350546836853,-0.685617208480835,0.27171817421913149,-1.4901161193847657e-8,0.36843299865722659,0.9296543598175049,-0.7374969124794006,0.6278426051139832,-0.2488214075565338],"time":0.3641023635864258},{"ShiftLock":true,"VVelocity":[-11.819938659667969,52.99999237060547,10.783734321594239],"AAnimation":{"Name":"Idle","Weight":0},"CCFrame":[169.60658264160157,-16.515214920043947,-219.7296600341797,-0.6765549778938294,-3.495908629247424e-8,0.736392080783844,1.278850536579057e-8,1,5.922281687276154e-8,-0.736392080783844,4.948484644273776e-8,-0.6765549778938294],"CCameraCFrame":[174.3316650390625,5.170469284057617,-226.44692993164063,-0.6765550374984741,-0.6860755681991577,0.26753270626068118,0,0.36330199241638186,0.9316715002059937,-0.7363921403884888,0.630327045917511,-0.24579377472400666],"time":0.37222838401794436},{"ShiftLock":true,"VVelocity":[-11.819938659667969,52.1824951171875,10.783734321594239],"AAnimation":{"Name":"Idle","Weight":0},"CCFrame":[169.50807189941407,-16.076955795288087,-219.63978576660157,-0.6777565479278565,-2.60166839183