[{"ShiftLock":false,"VVelocity":[0,0.000052059611334698278,0],"AAnimation":{"Name":"Idle","Weight":0},"CCFrame":[149.33651733398438,-16.772451400756837,-246.72991943359376,-0.7171303629875183,0,0.6969390511512756,0,1,0,-0.6969390511512756,0,-0.7171303629875183],"CCameraCFrame":[156.45806884765626,-7.342255115509033,-254.05780029296876,-0.717130720615387,-0.4272947609424591,0.5505840182304382,-2.9802318834981635e-8,0.7900035381317139,0.6131023168563843,-0.696938693523407,0.4396744668483734,-0.5665358304977417],"time":0},{"ShiftLock":true,"VVelocity":[-1.7931983470916749,0.000052059611334698278,1.8481638431549073],"AAnimation":{"Name":"Idle","Weight":0},"CCFrame":[149.32904052734376,-16.772451400756837,-246.7222137451172,-0.717698872089386,0,0.6963536143302918,0,1,0,-0.6963536143302918,0,-0.717698872089386],"CCameraCFrame":[154.84104919433595,-6.725594520568848,-254.916259765625,-0.7176989316940308,-0.46013495326042178,0.5226701498031616,2.9802322387695315e-8,0.7505816221237183,0.6607778072357178,-0.696353554725647,0.4742395579814911,-0.5386915802955627],"time":0.004588127136230469},{"ShiftLock":true,"VVelocity":[-5.3795928955078129,-0.000009298482837039046,5.544493675231934],"AAnimation":{"Name":"Idle","Weight":0},"CCFrame":[149.29168701171876,-16.772451400756837,-246.6837158203125,-0.7176985144615173,0,0.6963539719581604,0,1,0,-0.6963539719581604,0,-0.7176985144615173],"CCameraCFrame":[154.82627868652345,-6.713706016540527,-254.90103149414063,-0.7176986336708069,-0.4607751965522766,0.5221062302589417,0,0.7497714757919312,0.6616969108581543,-0.6963538527488709,0.47489896416664126,-0.5381099581718445],"time":0.007984161376953125},{"ShiftLock":true,"VVelocity":[-7.172791481018066,-0.000016726040485082195,7.3926568031311039],"AAnimation":{"Name":"Idle","Weight":0},"CCFrame":[149.2617950439453,-16.772451400756837,-246.6529083251953,-0.7176981568336487,0,0.696354329586029,0,1,0,-0.696354329586029,0,-0.7176981568336487],"CCameraCFrame":[154.7852783203125,-6.707766532897949,-254.8587646484375,-0.7176981568336487,-0.46109530329704287,0.521824300289154,0,0.749366044998169,0.6621561050415039,-0.6963543891906738,0.4752282202243805,-0.5378186106681824],"time":0.012410163879394532},{"ShiftLock":true,"VVelocity":[-8.965993881225586,-0.00001995541424548719,9.240816116333008],"AAnimation":{"Name":"Idle","Weight":0},"CCFrame":[149.2244415283203,-16.772451400756837,-246.61441040039063,-0.7176985144615173,0,0.6963539719581604,0,1,0,-0.6963539719581604,0,-0.7176985144615173],"CCameraCFrame":[154.75172424316407,-6.701828956604004,-254.82418823242188,-0.7176983952522278,-0.46141478419303896,0.5215413570404053,0,0.748960018157959,0.662615180015564,-0.69635409116745,0.4755578637123108,-0.5375273823738098],"time":0.01642441749572754},{"ShiftLock":true,"VVelocity":[-8.965993881225586,-0.00001995541424548719,9.240816116333008],"AAnimation":{"Name":"Idle","Weight":0},"CCFrame":[149.2244415283203,-16.772451400756837,-246.61441040039063,-0.7176981568336487,0,0.696354329586029,0,1,0,-0.696354329586029,0,-0.7176981568336487],"CCameraCFrame":[154.70706176757813,-6.689969062805176,-254.7781524658203,-0.7176981568336487,-0.46205344796180727,0.5209759473800659,0,0.74814772605896,0.6635320782661438,-0.696354329586029,0.47621574997901919,-0.5369442701339722],"time":0.019877910614013673},{"ShiftLock":true,"VVelocity":[-10.835715293884278,-0.000021973772163619289,11.167839050292969],"AAnimation":{"Name":"Idle","Weight":0},"CCFrame":[149.13626098632813,-16.772451400756837,-246.52352905273438,-0.7176979780197144,0,0.6963545083999634,0,1,0,-0.6963545083999634,0,-0.7176979780197144],"CCameraCFrame":[154.69973754882813,-6.678121566772461,-254.77059936523438,-0.7176979184150696,-0.46269145607948305,0.5204097032546997,1.4901162970204497e-8,0.747334361076355,0.664448082447052,-0.6963545680046082,0.4768730103969574,-0.5363603234291077],"time":0.02565908432006836},{"ShiftLock":true,"VVelocity":[-10.835715293884278,-0.000021973772163619289,11.167839050292969],"AAnimation":{"Name":"Idle","Weight":0},"CCFrame":[149.13626098632813,-16.772451400756837,-246.52352905273438,-0.718267023563385,0,0.6957675218582153,0,1,0,-0.6957675218582153,0,-0.718267023563385],"CCameraCFrame":[154.5938720703125,-6.660367965698242,-254.67283630371095,-0.7182669639587402,-0.46325641870498659,0.5191205739974976,1.4901159417490817e-8,0.7461119890213013,0.6658205986022949,-0.6957676410675049,0.47823694348335268,-0.5359075665473938],"time":0.02822136878967285},{"ShiftLock":true,"VVelocity":[-11.090577125549317,-0.00003295364149380475,11.446647644042969],"AAnimation":{"Name":"Idle","Weight":0},"CCFrame":[149.0441436767578,-16.772451400756837,-246.42845153808595,-0.718267023563385,0,0.6957675218582153,0,1,0,-0.6957675218582153,0,-0.718267023563385],"CCameraCFrame":[154.5938720703125,-6.660367965698242,-254.67283630371095,-0.7182669639587402,-0.46325647830963137,0.5191205143928528,0,0.7461119294166565,0.6658205986022949,-0.6957677006721497,0.47823694348335268,-0.535907506942749],"time":0.0336458683013916},{"ShiftLock":true,"VVelocity":[-11.090577125549317,-0.00003295364149380475,11.446647644042969],"AAnimation":{"Name":"Idle","Weight":0},"CCFrame":[149.0441436767578,-16.772451400756837,-246.42845153808595,-0.7182665467262268,0,0.6957680583000183,0,1,0,-0.6957680583000183,0,-0.7182665467262268],"CCameraCFrame":[154.49073791503907,-6.642647743225098,-254.56637573242188,-0.718266487121582,-0.4642099440097809,0.5182686448097229,0,0.7448870539665222,0.6671906113624573,-0.6957681179046631,0.4792206585407257,-0.5350273847579956],"time":0.03665471076965332},{"ShiftLock":true,"VVelocity":[-11.116647720336914,-0.00003481053136056289,11.475157737731934],"AAnimation":{"Name":"Idle","Weight":0},"CCFrame":[148.99781799316407,-16.772451400756837,-246.38064575195313,-0.7182663679122925,0,0.6957682371139526,0,1,0,-0.6957682371139526,0,-0.7182663679122925],"CCameraCFrame":[154.487060546875,-6.636748313903809,-254.5625762939453,-0.7182663679122925,-0.4645273685455322,0.5179843306541443,0,0.7444782257080078,0.6676467061042786,-0.6957682371139526,0.4795481860637665,-0.5347336530685425],"time":0.041478872299194339},{"ShiftLock":true,"VVelocity":[-11.126424789428711,0.006752201821655035,11.485847473144532],"AAnimation":{"Name":"Idle","Weight":0},"CCFrame":[148.9514617919922,-16.772422790527345,-246.33279418945313,-0.7188342809677124,0,0.6951814889907837,0,1,0,-0.6951814889907837,0,-0.7188342809677124],"CCameraCFrame":[154.4230499267578,-6.619067192077637,-254.50779724121095,-0.7188342213630676,-0.4650860130786896,0.5166937708854675,0,0.7432501316070557,0.6690136790275574,-0.6951816082000732,0.48090991377830508,-0.5342735648155212],"time":0.04550886154174805},{"ShiftLock":true,"VVelocity":[-11.124225616455079,0.010070867836475373,11.495534896850586],"AAnimation":{"Name":"Idle","Weight":0},"CCFrame":[148.9051055908203,-16.772380828857423,-246.28489685058595,-0.7188337445259094,0,0.6951819658279419,0,1,0,-0.6951819658279419,0,-0.7188337445259094],"CCameraCFrame":[154.36932373046876,-6.607267379760742,-254.4523162841797,-0.7188338041305542,-0.46571892499923708,0.5161240100860596,1.4901161193847657e-8,0.7424300909042358,0.669923722743988,-0.6951820254325867,0.4815638065338135,-0.5336837768554688],"time":0.049324750900268558},{"ShiftLock":true,"VVelocity":[-11.123404502868653,0.01134396716952324,11.499162673950196],"AAnimation":{"Name":"Idle","Weight":0},"CCFrame":[148.8587646484375,-16.7723331451416,-246.2369842529297,-0.7188332676887512,0,0.6951825022697449,0,1,0,-0.6951825022697449,0,-0.7188332676887512],"CCameraCFrame":[154.31558227539063,-6.595465660095215,-254.3967742919922,-0.718833327293396,-0.4663512706756592,0.5155531764030457,-1.4901161193847657e-8,0.7416085004806519,0.6708329319953919,-0.6951824426651001,0.48221707344055178,-0.5330929160118103],"time":0.053945064544677737},{"ShiftLock":true,"VVelocity":[-11.123101234436036,0.011437538079917431,11.500519752502442],"AAnimation":{"Name":"Idle","Weight":0},"CCFrame":[148.8124237060547,-16.77228546142578,-246.18907165527345,-0.7194003462791443,0,0.6945956349372864,0,1,0,-0.6945956349372864,0,-0.7194003462791443],"CCameraCFrame":[154.25523376464845,-6.583672523498535,-254.3456268310547,-0.7194003462791443,-0.46658846735954287,0.514546811580658,0,0.740786075592041,0.6717410087585449,-0.6945957541465759,0.4832507073879242,-0.5329217314720154],"time":0.05865120887756348},{"ShiftLock":true,"VVelocity":[-11.117119789123536,0.010892096906900406,11.506698608398438],"AAnimation":{"Name":"Idle","Weight":0},"CCFrame":[148.76609802246095,-16.772239685058595,-246.14112854003907,-0.7194005250930786,0,0.694595456123352,0,1,0,-0.694595456123352,0,-0.7194005250930786],"CCameraCFrame":[154.2014923095703,-6.571891784667969,-254.29005432128907,-0.7194005846977234,-0.467218279838562,0.5139746069908142,-1.4901161193847657e-8,0.7399625778198242,0.6726480722427368,-0.694595456123352,0.4839034080505371,-0.5323294997215271],"time":0.062126874923706058},{"ShiftLock":true,"VVelocity":[-11.114873886108399,0.004072629380971193,11.509017944335938],"AAnimation":{"Name":"Idle","Weight":0},"CCFrame":[148.71978759765626,-16.7722225189209,-246.09317016601563,-0.7194008827209473,0,0.6945950984954834,0,1,0,-0.6945950984954834,0,-0.7194008827209473],"CCameraCFrame":[154.1477508544922,-6.560124397277832,-254.23443603515626,-0.7194008231163025,-0.4678475856781006,0.513401448726654,0,0.7391376495361328,0.6735543608665466,-0.6945951581001282,0.48455557227134707,-0.5317362546920776],"time":0.06624960899353028},{"ShiftLock":true,"VVelocity":[-11.114028930664063,0.0015160958282649518,11.509889602661133],"AAnimation":{"Name":"Idle","Weight":0},"CCFrame":[148.67347717285157,-16.772216796875,-246.0452117919922,-0.7199676632881165,0,0.6940075755119324,0,1,0,-0.6940075755119324,0,-0.7199676632881165],"CCameraCFrame":[154.08741760253907,-6.548397064208984,-254.18316650390626,-0.7199676036834717,-0.46808022260665896,0.5123940110206604,1.4901161193847657e-8,0.738311767578125,0.6744596362113953,-0.6940077543258667,0.48558908700942995,-0.531560480594635],"time":0.07079505920410156},{"ShiftLock":true,"VVelocity":[-11.107837677001954,0.0005583444726653397,11.515884399414063],"AAnimation":{"Name":"Idle","Weight":0},"CCFrame":[148.627197265625,-16.772214889526368,-245.99722290039063,-0.7199670076370239,0,0.6940082907676697,0,1,0,-0.6940082907676697,0,-0.7199670076370239],"CCameraCFrame":[154.03369140625,-6.5366973876953129,-254.12750244140626,-0.7199669480323792,-0.4687080979347229,0.5118205547332764,0,0.7374846935272217,0.6753637790679932,-0.6940083503723145,0.48623961210250857,-0.5309646129608154],"time":0.0750114917755127},{"ShiftLock":true,"VVelocity":[-11.105522155761719,0.004117114003747702,11.518126487731934],"AAnimation":{"Name":"Idle","Weight":0},"CCFrame":[148.58091735839845,-16.772197723388673,-245.94923400878907,-0.7199663519859314,0,0.694009006023407,0,1,0,-0.694009006023407,0,-0.7199663519859314],"CCameraCFrame":[153.98370361328126,-6.530853271484375,-254.07565307617188,-0.7199662327766419,-0.46902209520339968,0.5115338563919067,-1.4901162970204497e-8,0.7370708584785461,0.6758154630661011,-0.6940091252326965,0.4865643084049225,-0.5306661128997803],"time":0.0790090560913086},{"ShiftLock":true,"VVelocity":[-11.10466194152832,0.005830215755850077,11.518959999084473],"AAnimation":{"Name":"Idle","Weight":0},"CCFrame":[148.53465270996095,-16.772172927856447,-245.9012451171875,-0.7205328345298767,0,0.6934208273887634,0,1,0,-0.6934208273887634,0,-0.7205328345298767],"CCameraCFrame":[153.91969299316407,-6.513332366943359,-254.0204620361328,-0.7205328345298767,-0.4695628583431244,0.5102383494377136,0,0.7358278632164002,0.6771686673164368,-0.6934208273887634,0.4879222512245178,-0.5301881432533264],"time":0.08377766609191895},{"ShiftLock":true,"VVelocity":[-11.098456382751465,0.006448156200349331,11.524938583374024],"AAnimation":{"Name":"Idle","Weight":0},"CCFrame":[148.4884033203125,-16.772146224975587,-245.8532257080078,-0.7205326557159424,0,0.6934210062026978,0,1,0,-0.6934210062026978,0,-0.7205326557159424],"CCameraCFrame":[153.8622589111328,-6.495833396911621,-253.9608612060547,-0.7205325365066528,-0.4704998731613159,0.5093748569488525,-1.4901159417490817e-8,0.7345823049545288,0.6785196661949158,-0.6934211254119873,0.4888955056667328,-0.5292904376983643],"time":0.08776307106018067},{"ShiftLock":true,"VVelocity":[-11.096132278442383,0.006449044216424227,11.527177810668946],"AAnimation":{"Name":"Idle","Weight":0},"CCFrame":[148.44216918945313,-16.772119522094728,-245.80519104003907,-0.7205326557159424,0,0.6934210062026978,0,1,0,-0.6934210062026978,0,-0.7205326557159424],"CCameraCFrame":[153.8085479736328,-6.484173774719238,-253.90509033203126,-0.7205326557159424,-0.47112342715263369,0.5087980628013611,1.4901161193847657e-8,0.7337505221366882,0.6794190406799316,-0.6934210062026978,0.489543616771698,-0.5286911725997925],"time":0.09184026718139649},{"ShiftLock":true,"VVelocity":[-11.095260620117188,0.0024081291630864145,11.5280179977417],"AAnimation":{"Name":"Idle","Weight":0},"CCFrame":[148.39593505859376,-16.772109985351564,-245.7571563720703,-0.7205324769020081,0,0.6934211850166321,0,1,0,-0.6934211850166321,0,-0.7205324769020081],"CCameraCFrame":[153.7510986328125,-6.466716766357422,-253.84539794921876,-0.7205324172973633,-0.4720580577850342,0.5079312324523926,0,0.7325002551078796,0.6807666420936585,-0.6934212446212769,0.4905144274234772,-0.5277901887893677],"time":0.09562110900878906},{"ShiftLock":true,"VVelocity":[-11.094935417175293,0.0038077395875006916,11.52833080291748],"AAnimation":{"Name":"Idle","Weight":0},"CCFrame":[148.34970092773438,-16.7720947265625,-245.70912170410157,-0.7205328345298767,0,0.6934208273887634,0,1,0,-0.6934208273887634,0,-0.7205328345298767],"CCameraCFrame":[153.68988037109376,-6.443514823913574,-253.78179931640626,-0.7205327749252319,-0.47330114245414736,0.5067726969718933,0,0.7308298349380493,0.6825596690177918,-0.6934208869934082,0.49180662631988528,-0.5265868306159973],"time":0.09987568855285645},{"ShiftLock":true,"VVelocity":[-11.094809532165528,0.004375140648335218,11.528450965881348],"AAnimation":{"Name":"Idle","Weight":0},"CCFrame":[148.303466796875,-16.772075653076173,-245.6610870361328,-0.7210986614227295,0,0.6928324103355408,0,1,0,-0.6928324103355408,0,-0.7210986614227295],"CCameraCFrame":[153.62583923339845,-6.426140785217285,-253.72637939453126,-0.7210986018180847,-0.4738292694091797,0.5054726004600525,-1.4901162970204497e-8,0.7295740842819214,0.6839017271995544,-0.6928324103355408,0.49316057562828066,-0.5260948538780212],"time":0.10402393341064453},{"ShiftLock":true,"VVelocity":[-11.088878631591797,0.004444087855517864,11.534154891967774],"AAnimation":{"Name":"Idle","Weight":0},"CCFrame":[148.25726318359376,-16.772056579589845,-245.61302185058595,-0.7210986614227295,0,0.6928324103355408,0,1,0,-0.6928324103355408,0,-0.7210986614227295],"CCameraCFrame":[153.56832885742188,-6.408791542053223,-253.66661071777345,-0.7210986614227295,-0.47475749254226687,0.5046008825302124,0,0.7283159494400024,0.6852415204048157,-0.692832350730896,0.49412673711776736,-0.5251877307891846],"time":0.10786056518554688},{"ShiftLock":true,"VVelocity":[-11.086652755737305,0.004243059549480677,11.536294937133789],"AAnimation":{"Name":"Idle","Weight":0},"CCFrame":[148.21107482910157,-16.77203941345215,-245.56495666503907,-0.7210981249809265,0,0.6928329467773438,0,1,0,-0.6928329467773438,0,-0.7210981249809265],"CCameraCFrame":[153.50706481933595,-6.385715484619141,-253.6028594970703,-0.7210981249809265,-0.47599294781684878,0.5034364461898804,0,0.7266346216201782,0.6870241165161133,-0.6928329467773438,0.49541181325912478,-0.5239748954772949],"time":0.11195111274719238},{"ShiftLock":true,"VVelocity":[-11.085824012756348,0.003919557202607393,11.537092208862305],"AAnimation":{"Name":"Idle","Weight":0},"CCFrame":[148.16488647460938,-16.772022247314454,-245.5168914794922,-0.7210976481437683,0,0.6928334832191467,0,1,0,-0.6928334832191467,0,-0.7210976481437683],"CCameraCFrame":[153.44955444335938,-6.368438720703125,-253.54299926757813,-0.7210975885391235,-0.47691789269447329,0.5025611519813538,0,0.7253707647323608,0.6883584856987,-0.6928336024284363,0.49637365341186526,-0.5230630040168762],"time":0.11657857894897461},{"ShiftLock":true,"VVelocity":[-11.085519790649414,0.0035297719296067955,11.537384986877442],"AAnimation":{"Name":"Idle","Weight":0},"CCFrame":[148.1186981201172,-16.77200698852539,-245.4688262939453,-0.7216628193855286,0,0.6922447681427002,0,1,0,-0.6922447681427002,0,-0.7216628193855286],"CCameraCFrame":[153.38551330566407,-6.351195335388184,-253.4873809814453,-0.7216628789901733,-0.47743454575538638,0.5012574791908264,-1.4901161193847657e-8,0.7241044640541077,0.689690351486206,-0.6922447681427002,0.49772393703460696,-0.5225592255592346],"time":0.12054657936096192},{"ShiftLock":true,"VVelocity":[-11.079517364501954,0.0031278764363378288,11.543148040771485],"AAnimation":{"Name":"Idle","Weight":0},"CCFrame":[148.07254028320313,-16.77199363708496,-245.4207305908203,-0.7216624617576599,0,0.6922451257705689,0,1,0,-0.6922451257705689,0,-0.7216624617576599],"CCameraCFrame":[153.32797241210938,-6.333985328674316,-253.42747497558595,-0.7216625213623047,-0.4783549904823303,0.5003796219825745,1.4901159417490817e-8,0.7228359580039978,0.6910197138786316,-0.6922450661659241,0.49868303537368777,-0.5216435790061951],"time":0.12484383583068848},{"ShiftLock":true,"VVelocity":[-11.077269554138184,0.0011610265355557204,11.545305252075196],"AAnimation":{"Name":"Idle","Weight":0},"CCFrame":[148.02638244628907,-16.771987915039064,-245.37261962890626,-0.7216626405715942,0,0.6922449469566345,0,1,0,-0.6922449469566345,0,-0.7216626405715942],"CCameraCFrame":[153.26663208007813,-6.311090469360352,-253.36355590820313,-0.721662700176239,-0.4795794188976288,0.49920591711997988,-1.4901162970204497e-8,0.7211406230926514,0.6927887201309204,-0.692244827747345,0.4999597668647766,-0.5204203128814697],"time":0.12871003150939942},{"ShiftLock":true,"VVelocity":[-11.076424598693848,0.0004235183587297797,11.546116828918457],"AAnimation":{"Name":"Idle","Weight":0},"CCFrame":[147.980224609375,-16.77198600769043,-245.3245086669922,-0.7216626405715942,0,0.6922449469566345,0,1,0,-0.6922449469566345,0,-0.7216626405715942],"CCameraCFrame":[153.22047424316407,-6.311086654663086,-253.31544494628907,-0.721662700176239,-0.47957926988601687,0.49920594692230227,1.4901162970204497e-8,0.7211407423019409,0.6927885413169861,-0.692244827747345,0.49995964765548708,-0.5204203724861145],"time":0.13340258598327638},{"ShiftLock":true,"VVelocity":[-11.0761079788208,0.0011830669827759266,11.54642105102539],"AAnimation":{"Name":"Idle","Weight":0},"CCFrame":[147.93406677246095,-16.77198028564453,-245.27639770507813,-0.7216624617576599,0,0.6922451257705689,0,1,0,-0.6922451257705689,0,-0.7216624617576599],"CCameraCFrame":[153.15147399902345,-6.276860237121582,-253.24351501464845,-0.7216624617576599,-0.4814112186431885,0.49744004011154177,0,0.7185894250869751,0.6954345703125,-0.6922451853752136,0.5018690228462219,-0.5185789465904236],"time":0.1370706558227539},{"ShiftLock":true,"VVelocity":[-11.075992584228516,0.0015229585114866496,11.546531677246094],"AAnimation":{"Name":"Idle","Weight":0},"CCFrame":[147.88792419433595,-16.771974563598634,-245.22828674316407,-0.7216622829437256,0,0.6922453045845032,0,1,0,-0.6922453045845032,0,-0.7216622829437256],"CCameraCFrame":[153.09385681152345,-6.259783744812012,-253.18345642089845,-0.7216623425483704,-0.48232486844062807,0.4965542256832123,-1.4901162970204497e-8,0.7173097133636475,0.6967543363571167,-0.6922452449798584,0.5028213858604431,-0.5176554322242737],"time":0.14110255241394044},{"ShiftLock":true,"VVelocity":[-11.075948715209961,0.001635502208955586,11.5465726852417],"AAnimation":{"Name":"Idle","Weight":0},"CCFrame":[147.84178161621095,-16.7719669342041,-245.18017578125,-0.7216626405715942,0,0.6922449469566345,0,1,0,-0.6922449469566345,0,-0.7216626405715942],"CCameraCFrame":[153.04006958007813,-6.248418807983398,-253.12738037109376,-0.7216625809669495,-0.4829326868057251,0.495962917804718,0,0.7164558172225952,0.6976325511932373,-0.6922450661659241,0.5034552812576294,-0.5170392990112305],"time":0.14583730697631837},{"ShiftLock":true,"VVelocity":[-11.07593059539795,0.001601109397597611,11.546590805053711],"AAnimation":{"Name":"Idle","Weight":0},"CCFrame":[147.79563903808595,-16.771961212158204,-245.13206481933595,-0.7216626405715942,0,0.6922449469566345,0,1,0,-0.6922449469566345,0,-0.7216626405715942],"CCameraCFrame":[152.98243713378907,-6.23139762878418,-253.06729125976563,-0.7216626405715942,-0.48384320735931399,0.49507462978363039,0,0.7151726484298706,0.6989479064941406,-0.6922450065612793,0.504404604434967,-0.51611328125],"time":0.14965391159057618},{"ShiftLock":true,"VVelocity":[-11.075923919677735,0.0015110098756849766,11.546597480773926],"AAnimation":{"Name":"Idle","Weight":0},"CCFrame":[147.74949645996095,-16.771955490112306,-245.08395385742188,-0.7210967540740967,0,0.6928343176841736,0,1,0,-0.6928343176841736,0,-0.7210967540740967],"CCameraCFrame":[152.93121337890626,-6.214407920837402,-253.00299072265626,-0.7210968732833862,-0.4851648211479187,0.49460524320602419,1.4901162970204497e-8,0.7138868570327759,0.7002609968185425,-0.6928342580795288,0.5049560070037842,-0.5147815346717835],"time":0.15451669692993165},{"ShiftLock":true,"VVelocity":[-11.08181381225586,0.001390635035932064,11.540943145751954],"AAnimation":{"Name":"Idle","Weight":0},"CCFrame":[147.7033233642578,-16.771949768066408,-245.03587341308595,-0.7210964560508728,0,0.692834734916687,0,1,0,-0.692834734916687,0,-0.7210964560508728],"CCameraCFrame":[152.87738037109376,-6.203094482421875,-252.94686889648438,-0.7210965156555176,-0.4857707619667053,0.49401071667671206,0,0.7130283117294312,0.7011352181434631,-0.6928346157073975,0.5055861473083496,-0.5141622424125671],"time":0.15917372703552247},{"ShiftLock":true,"VVelocity":[-11.084026336669922,0.0012539518065750599,11.538818359375],"AAnimation":{"Name":"Idle","Weight":0},"CCFrame":[147.65713500976563,-16.771944046020509,-244.98779296875,-0.721096932888031,0,0.692834198474884,0,1,0,-0.692834198474884,0,-0.721096932888031],"CCameraCFrame":[152.82350158691407,-6.191797256469727,-252.89077758789063,-0.7210970520973206,-0.48637524247169497,0.49341487884521487,1.4901162970204497e-8,0.7121688723564148,0.7020081877708435,-0.6928341388702393,0.5062160491943359,-0.5135428309440613],"time":0.1627976894378662},{"ShiftLock":true,"VVelocity":[-11.084851264953614,0.0011083070421591402,11.538026809692383],"AAnimation":{"Name":"Idle","Weight":0},"CCFrame":[147.61094665527345,-16.771940231323243,-244.93971252441407,-0.721096932888031,0,0.692834198474884,0,1,0,-0.692834198474884,0,-0.721096932888031],"CCameraCFrame":[152.7657470703125,-6.174881935119629,-252.83065795898438,-0.721096932888031,-0.48728102445602419,0.4925204813480377,-1.4901162970204497e-8,0.7108778357505798,0.7033154964447022,-0.692834198474884,0.507158637046814,-0.5126118063926697],"time":0.1660170555114746},{"ShiftLock":true,"VVelocity":[-11.085277557373047,0.0008655388373881578,11.537617683410645],"AAnimation":{"Name":"Idle","Weight":0},"CCFrame":[147.51856994628907,-16.77193260192871,-244.8435516357422,-0.7210974097251892,0,0.692833662033081,0,1,0,-0.692833662033081,0,-0.7210974097251892],"CCameraCFrame":[152.71182250976563,-6.163619041442871,-252.7745361328125,-0.721097469329834,-0.48788368701934817,0.49192267656326296,1.4901162970204497e-8,0.7100155353546143,0.704185962677002,-0.6928336024284363,0.5077866911888123,-0.5119904279708862],"time":0.17177081108093263},{"ShiftLock":true,"VVelocity":[-11.085277557373047,0.0008655388373881578,11.537617683410645],"AAnimation":{"Name":"Idle","Weight":0},"CCFrame":[147.51856994628907,-16.77193260192871,-244.8435516357422,-0.7205311059951782,0,0.6934226155281067,0,1,0,-0.6934226155281067,0,-0.7205311059951782],"CCameraCFrame":[152.61422729492188,-6.1467485427856449,-252.66212463378907,-0.7205312252044678,-0.48920246958732607,0.4914425313472748,-1.4901161193847657e-8,0.7087202072143555,0.7054896950721741,-0.6934225559234619,0.5083273649215698,-0.5106550455093384],"time":0.17467641830444337},{"ShiftLock":true,"VVelocity":[-11.091203689575196,0.0007548520807176828,11.5319185256958],"AAnimation":{"Name":"Idle","Weight":0},"CCFrame":[147.47235107421876,-16.771928787231447,-244.79550170898438,-0.7205311059951782,0,0.6934226155281067,0,1,0,-0.6934226155281067,0,-0.7205311059951782],"CCameraCFrame":[152.6103515625,-6.141134262084961,-252.65809631347657,-0.720531165599823,-0.489503413438797,0.4911428391933441,-1.4901161193847657e-8,0.7082879543304443,0.7059236764907837,-0.6934225559234619,0.5086399912834168,-0.5103435516357422],"time":0.17877626419067384},{"ShiftLock":true,"VVelocity":[-11.093426704406739,0.000647233217023313,11.529781341552735],"AAnimation":{"Name":"Idle","Weight":0},"CCFrame":[147.42613220214845,-16.771926879882814,-244.74746704101563,-0.7205309271812439,0,0.693422794342041,0,1,0,-0.693422794342041,0,-0.7205309271812439],"CCameraCFrame":[152.552490234375,-6.124312400817871,-252.5979461669922,-0.7205310463905335,-0.4904051423072815,0.490242600440979,2.980232594040899e-8,0.7069895267486572,0.7072239518165588,-0.6934227347373962,0.5095767974853516,-0.5094078779220581],"time":0.18401193618774415},{"ShiftLock":true,"VVelocity":[-11.09426212310791,0.0005651264218613505,11.52897834777832],"AAnimation":{"Name":"Idle","Weight":0},"CCFrame":[147.37991333007813,-16.77192497253418,-244.69943237304688,-0.7205309271812439,0,0.693422794342041,0,1,0,-0.693422794342041,0,-0.7205309271812439],"CCameraCFrame":[152.49070739746095,-6.1019287109375,-252.5337371826172,-0.7205309271812439,-0.49160513281822207,0.48903945088386538,1.4901162970204497e-8,0.705254316329956,0.7089543342590332,-0.6934228539466858,0.5108235478401184,-0.5081575512886047],"time":0.18709897994995118},{"ShiftLock":true,"VVelocity":[-11.094575881958008,0.0004968252032995224,11.52867603302002],"AAnimation":{"Name":"Idle","Weight":0},"CCFrame":[147.33367919921876,-16.771923065185548,-244.65139770507813,-0.720530092716217,0,0.6934236288070679,0,1,0,-0.6934236288070679,0,-0.720530092716217],"CCameraCFrame":[152.43280029296876,-6.085177421569824,-252.47354125976563,-0.7205300331115723,-0.49250373244285586,0.48813581466674807,0,0.7039502859115601,0.7102493047714233,-0.6934237480163574,0.5117559432983398,-0.5072173476219177],"time":0.1912064552307129},{"ShiftLock":true,"VVelocity":[-11.09470272064209,0.00043595151510089636,11.528554916381836],"AAnimation":{"Name":"Idle","Weight":0},"CCFrame":[147.28744506835938,-16.771921157836915,-244.60336303710938,-0.720530092716217,0,0.6934236288070679,0,1,0,-0.6934236288070679,0,-0.720530092716217],"CCameraCFrame":[152.37484741210938,-6.068456649780273,-252.413330078125,-0.7205301523208618,-0.4933999180793762,0.4872297942638397,1.4901161193847657e-8,0.7026437520980835,0.7115418314933777,-0.6934236288070679,0.5126873254776001,-0.5062759518623352],"time":0.19507622718811036},{"ShiftLock":true,"VVelocity":[-11.094768524169922,0.00032453815219923854,11.528491973876954],"AAnimation":{"Name":"Idle","Weight":0},"CCFrame":[147.19497680664063,-16.77191734313965,-244.50729370117188,-0.720530092716217,0,0.6934236288070679,0,1,0,-0.6934236288070679,0,-0.720530092716217],"CCameraCFrame":[152.31295776367188,-6.0462141036987309,-252.34902954101563,-0.7205301523208618,-0.49459218978881838,0.4860193431377411,0,0.7008981704711914,0.7132613062858582,-0.6934235692024231,0.5139262676239014,-0.5050182938575745],"time":0.20058989524841309},{"ShiftLock":true,"VVelocity":[-11.094768524169922,0.00032453815219923854,11.528491973876954],"AAnimation":{"Name":"Idle","Weight":0},"CCFrame":[147.19497680664063,-16.77191734313965,-244.50729370117188,-0.7205302715301514,0,0.6934234499931336,0,1,0,-0.6934234499931336,0,-0.7205302715301514],"CCameraCFrame":[152.20872497558595,-6.029568672180176,-252.24073791503907,-0.7205303311347961,-0.495484322309494,0.48510971665382388,0,0.6995865106582642,0.7145479321479797,-0.6934235095977783,0.5148534774780273,-0.5040732622146606],"time":0.20322513580322267},{"ShiftLock":true,"VVelocity":[-11.094773292541504,0.00027109202346764505,11.528487205505371],"AAnimation":{"Name":"Idle","Weight":0},"CCFrame":[147.14874267578126,-16.771915435791017,-244.45925903320313,-0.7205302715301514,0,0.6934234499931336,0,1,0,-0.6934234499931336,0,-0.7205302715301514],"CCameraCFrame":[152.20086669921876,-6.018490791320801,-252.23257446289063,-0.7205304503440857,-0.49607813358306887,0.48450225591659548,1.4901162970204497e-8,0.6987106800079346,0.7154043912887573,-0.6934233903884888,0.5154706239700317,-0.5034422278404236],"time":0.20862364768981934},{"ShiftLock":true,"VVelocity":[-11.094773292541504,0.00021837250096723437,11.528486251831055],"AAnimation":{"Name":"Idle","Weight":0},"CCFrame":[147.10250854492188,-16.771915435791017,-244.41122436523438,-0.720530092716217,0,0.6934236288070679,0,1,0,-0.6934236288070679,0,-0.720530092716217],"CCameraCFrame":[152.12705993652345,-5.9798173904418949,-252.1558837890625,-0.720530092716217,-0.4981515407562256,0.4823707044124603,1.4901159417490817e-8,0.6956363320350647,0.7183941602706909,-0.6934236884117127,0.5176246166229248,-0.5012269020080566],"time":0.21227288246154786},{"ShiftLock":true,"VVelocity":[-11.09477710723877,0.0001897925540106371,11.528483390808106],"AAnimation":{"Name":"Idle","Weight":0},"CCFrame":[147.0562744140625,-16.771915435791017,-244.36318969726563,-0.7205304503440857,0,0.6934232711791992,0,1,0,-0.6934232711791992,0,-0.7205304503440857],"CCameraCFrame":[152.0650177001953,-5.957798957824707,-252.0914306640625,-0.7205305099487305,-0.49933165311813357,0.4811483919620514,0,0.6938740611076355,0.7200964689254761,-0.6934232711791992,0.5188514590263367,-0.499957412481308],"time":0.21654748916625977},{"ShiftLock":true,"VVelocity":[-11.09477424621582,0.00017429156287107617,11.528486251831055],"AAnimation":{"Name":"Idle","Weight":0},"CCFrame":[147.01004028320313,-16.771915435791017,-244.31515502929688,-0.7205309867858887,0,0.693422794342041,0,1,0,-0.693422794342041,0,-0.7205309867858887],"CCameraCFrame":[152.0029296875,-5.935832977294922,-252.0269317626953,-0.7205310463905335,-0.5005088448524475,0.4799228608608246,-1.4901162970204497e-8,0.6921072006225586,0.7217947244644165,-0.6934227347373962,0.5200755000114441,-0.49868470430374148],"time":0.22048544883728028},{"ShiftLock":true,"VVelocity":[-11.094764709472657,0.0001613740751054138,11.528493881225586],"AAnimation":{"Name":"Idle","Weight":0},"CCFrame":[146.91757202148438,-16.771915435791017,-244.21908569335938,-0.7210976481437683,0,0.6928334832191467,0,1,0,-0.6928334832191467,0,-0.7210976481437683],"CCameraCFrame":[151.9305877685547,-5.908455848693848,-251.96229553222657,-0.7210975885391235,-0.5015500783920288,0.47798100113868716,-1.4901162970204497e-8,0.6898930072784424,0.7239112854003906,-0.6928336024284363,0.5220106840133667,-0.4974801540374756],"time":0.22571039199829102},{"ShiftLock":true,"VVelocity":[-11.094764709472657,0.0001613740751054138,11.528493881225586],"AAnimation":{"Name":"Idle","Weight":0},"CCFrame":[146.91757202148438,-16.771915435791017,-244.21908569335938,-0.721097469329834,0,0.692833662033081,0,1,0,-0.692833662033081,0,-0.721097469329834],"CCameraCFrame":[151.81423950195313,-5.875722885131836,-251.84136962890626,-0.7210974097251892,-0.5033035278320313,0.47613459825515749,-2.9802318834981635e-8,0.6872278451919556,0.7264419794082642,-0.6928337216377258,0.5238354206085205,-0.4955582320690155],"time":0.22893023490905763},{"ShiftLock":true,"VVelocity":[-11.088872909545899,0.0001589520397828892,11.534159660339356],"AAnimation":{"Name":"Idle","Weight":0},"CCFrame":[146.87136840820313,-16.771915435791017,-244.1710205078125,-0.7216634750366211,0,0.6922440528869629,0,1,0,-0.6922440528869629,0,-0.7216634750366211],"CCameraCFrame":[151.80003356933595,-5.864841461181641,-251.83705139160157,-0.7216634750366211,-0.5034575462341309,0.47511303424835207,0,0.6863374710083008,0.727283239364624,-0.6922441124916077,0.5248537659645081,-0.4953046441078186],"time":0.232757568359375},{"ShiftLock":true,"VVelocity":[-11.080768585205079,0.00015757956134621054,11.54194450378418],"AAnimation":{"Name":"Idle","Weight":0},"CCFrame":[146.8251953125,-16.771915435791017,-244.1229248046875,-0.7222278714179993,0,0.6916552186012268,0,1,0,-0.6916552186012268,0,-0.7222278714179993],"CCameraCFrame":[151.7196502685547,-5.8268585205078129,-251.76376342773438,-0.7222279906272888,-0.5050602555274963,0.47254735231399538,2.9802322387695315e-8,0.683212399482727,0.7302197813987732,-0.691655158996582,0.5273851752281189,-0.49343499541282656],"time":0.23748350143432618},{"ShiftLock":true,"VVelocity":[-11.071840286254883,0.00015685295511502773,11.550507545471192],"AAnimation":{"Name":"Idle","Weight":0},"CCFrame":[146.77906799316407,-16.771915435791017,-244.07479858398438,-0.7222273349761963,0,0.691655695438385,0,1,0,-0.691655695438385,0,-0.7222273349761963],"CCameraCFrame":[151.65745544433595,-5.805232048034668,-251.69894409179688,-0.7222273945808411,-0.5062171220779419,0.4713086485862732,-1.4901162970204497e-8,0.6814209222793579,0.7318917512893677,-0.691655695438385,0.5285922884941101,-0.49214085936546328],"time":0.24106574058532716},{"ShiftLock":true,"VVelocity":[-11.068496704101563,0.00015644928498659283,11.553714752197266],"AAnimation":{"Name":"Idle","Weight":0},"CCFrame":[146.7329559326172,-16.771915435791017,-244.0266571044922,-0.7227922081947327,0,0.6910653710365295,0,1,0,-0.6910653710365295,0,-0.7227922081947327],"CCameraCFrame":[151.58908081054688,-5.783660888671875,-251.63796997070313,-0.7227922677993774,-0.506937563419342,0.4696654975414276,0,0.6796252727508545,0.7335594892501831,-0.6910653710365295,0.5302111506462097,-0.491227924823761],"time":0.2457263469696045},{"ShiftLock":true,"VVelocity":[-11.06134033203125,0.0001562070829095319,11.560565948486329],"AAnimation":{"Name":"Idle","Weight":0},"CCFrame":[146.68687438964845,-16.771915435791017,-243.97848510742188,-0.7227917313575745,0,0.6910659074783325,0,1,0,-0.6910659074783325,0,-0.7227917313575745],"CCameraCFrame":[151.52688598632813,-5.762146949768066,-251.572998046875,-0.7227917909622192,-0.5080873966217041,0.4684220850467682,0,0.6778255105018616,0.7352228164672852,-0.6910658478736877,0.5314130187034607,-0.4899267256259918],"time":0.2499849796295166},{"ShiftLock":true,"VVelocity":[-11.058661460876465,0.0001561263488838449,11.563130378723145],"AAnimation":{"Name":"Idle","Weight":0},"CCFrame":[146.6407928466797,-16.771915435791017,-243.9302978515625,-0.7233558297157288,0,0.6904754638671875,0,1,0,-0.6904754638671875,0,-0.7233558297157288],"CCameraCFrame":[151.4585418701172,-5.740688323974609,-251.51185607910157,-0.723355770111084,-0.5087988376617432,0.46677643060684206,0,0.6760216951370239,0.7368817925453186,-0.6904755234718323,0.533027708530426,-0.4890041947364807],"time":0.253903865814209},{"ShiftLock":true,"VVelocity":[-11.051753044128418,0.00015604561485815793,11.569731712341309],"AAnimation":{"Name":"Idle","Weight":0},"CCFrame":[146.59474182128907,-16.771915435791017,-243.88209533691407,-0.7233560085296631,0,0.6904752850532532,0,1,0,-0.6904752850532532,0,-0.7233560085296631],"CCameraCFrame":[151.40438842773438,-5.72998046875,-251.45521545410157,-0.7233559489250183,-0.5093703269958496,0.4661523699760437,0,0.675118088722229,0.737709641456604,-0.690475344657898,0.5336266756057739,-0.48835065960884097],"time":0.25794386863708498},{"ShiftLock":true,"VVelocity":[-11.049160957336426,0.00015604561485815793,11.572208404541016],"AAnimation":{"Name":"Idle","Weight":0},"CCFrame":[146.5487060546875,-16.771915435791017,-243.83387756347657,-0.7239192724227905,0,0.6898847222328186,0,1,0,-0.6898847222328186,0,-0.7239192724227905],"CCameraCFrame":[151.33200073242188,-5.703277587890625,-251.38970947265626,-0.723919153213501,-0.5103589296340942,0.4641927182674408,0,0.6728553771972656,0.7397741079330444,-0.6898848414421082,0.5355366468429565,-0.48709291219711306],"time":0.26232409477233889},{"ShiftLock":true,"VVelocity":[-11.042283058166504,0.00015604561485815793,11.57876968383789],"AAnimation":{"Name":"Idle","Weight":0},"CCFrame":[146.50270080566407,-16.771915435791017,-243.78562927246095,-0.7239184379577637,0,0.6898855566978455,0,1,0,-0.6898855566978455,0,-0.7239184379577637],"CCameraCFrame":[151.2778778076172,-5.692622184753418,-251.3330078125,-0.7239184379577637,-0.5109278559684753,0.4635675251483917,-4.470348358154297e-8,0.6719484329223633,0.7405979037284851,-0.6898856163024902,0.5361324548721314,-0.4864358603954315],"time":0.26662468910217287},{"ShiftLock":true,"VVelocity":[-11.039711952209473,0.00015604561485815793,11.581222534179688],"AAnimation":{"Name":"Idle","Weight":0},"CCFrame":[146.45669555664063,-16.771915435791017,-243.7373809814453,-0.7239190936088562,0,0.6898848414421082,0,1,0,-0.6898848414421082,0,-0.7239190936088562],"CCameraCFrame":[151.20753479003907,-5.660738945007324,-251.2592315673828,-0.7239190340042114,-0.512627899646759,0.4616859555244446,0,0.6692216396331787,0.7430628538131714,-0.6898849606513977,0.5379173159599304,-0.48446229100227358],"time":0.2704951763153076},{"ShiftLock":true,"VVelocity":[-11.038742065429688,0.00015604561485815793,11.582148551940918],"AAnimation":{"Name":"Idle","Weight":0},"CCFrame":[146.41070556640626,-16.771915435791017,-243.68911743164063,-0.723918616771698,0,0.6898853778839111,0,1,0,-0.6898853778839111,0,-0.723918616771698],"CCameraCFrame":[151.1493377685547,-5.644847869873047,-251.19818115234376,-0.7239185571670532,-0.5134758949279785,0.46074333786964419,2.980232594040899e-8,0.6678548455238342,0.7442914843559265,-0.6898854970932007,0.5388064384460449,-0.48347246646881106],"time":0.2746555805206299},{"ShiftLock":true,"VVelocity":[-11.038383483886719,0.00015604561485815793,11.582490921020508],"AAnimation":{"Name":"Idle","Weight":0},"CCFrame":[146.36471557617188,-16.771915435791017,-243.64085388183595,-0.7239190936088562,0,0.6898848414421082,0,1,0,-0.6898848414421082,0,-0.7239190936088562],"CCameraCFrame":[151.08705139160157,-5.6237077713012699,-251.13282775878907,-0.723919153213501,-0.5146029591560364,0.45948338508605959,1.4901161193847657e-8,0.6660290956497192,0.7459258437156677,-0.6898849010467529,0.5399900078773499,-0.48215118050575259],"time":0.27929091453552248},{"ShiftLock":true,"VVelocity":[-11.03824234008789,0.00015604561485815793,11.582625389099121],"AAnimation":{"Name":"Idle","Weight":0},"CCFrame":[146.3187255859375,-16.771915435791017,-243.59259033203126,-0.7244827151298523,0,0.6892929673194885,0,1,0,-0.6892929673194885,0,-0.7244827151298523],"CCameraCFrame":[151.01458740234376,-5.597365379333496,-251.0669403076172,-0.7244826555252075,-0.5155653357505798,0.45751214027404787,0,0.6637411117553711,0.7479624152183533,-0.6892930865287781,0.5418857932090759,-0.4808689057826996],"time":0.28307199478149416},{"ShiftLock":true,"VVelocity":[-11.032271385192871,0.00015604561485815793,11.588311195373536],"AAnimation":{"Name":"Idle","Weight":0},"CCFrame":[146.2727508544922,-16.771915435791017,-243.5443115234375,-0.7244827151298523,0,0.6892929673194885,0,1,0,-0.6892929673194885,0,-0.7244827151298523],"CCameraCFrame":[150.95632934570313,-5.581603050231934,-251.0057830810547,-0.7244826555252075,-0.5164052844047546,0.4565637707710266,0,0.6623653173446655,0.7491810917854309,-0.6892930269241333,0.5427687168121338,-0.4798721373081207],"time":0.28765296936035159},{"ShiftLock":true,"VVelocity":[-11.032271385192871,52.999996185302737,11.588311195373536],"AAnimation":{"Name":"Idle","Weight":0},"CCFrame":[146.22677612304688,-16.551082611083986,-243.49603271484376,-0.7244831919670105,0,0.6892924308776856,0,1,0,-0.6892924308776856,0,-0.7244831919670105],"CCameraCFrame":[150.88986206054688,-5.555403709411621,-250.93597412109376,-0.7244831323623657,-0.5178011655807495,0.45497944951057436,0,0.6600673198699951,0.7512065768241882,-0.6892926096916199,0.5442364811897278,-0.4782075881958008],"time":0.29277491569519045},{"ShiftLock":true,"VVelocity":[-11.032271385192871,52.1824951171875,11.588311195373536],"AAnimation":{"Name":"Id