[{"ShiftLock":false,"VVelocity":[-1.3130829756846652e-10,0.00005212494943407364,2.9899638320785018e-10],"AAnimation":{"Name":"Idle","Weight":0},"CCFrame":[161.45590209960938,-16.73658561706543,-235.5223846435547,-0.7171304225921631,3.7794784191191869e-8,0.6969389915466309,-3.288952754587626e-8,1,-8.80720776308408e-8,-0.6969389915466309,-8.608115820152307e-8,-0.7171304225921631],"CCameraCFrame":[170.8612060546875,1.5343036651611329,-244.767333984375,-0.7010011672973633,-0.560590922832489,0.4408346712589264,-1.4901161193847657e-8,0.6181426048278809,0.786065936088562,-0.7131601572036743,0.5510331392288208,-0.43331870436668398],"time":0},{"ShiftLock":true,"VVelocity":[-0.42011985182762148,-0.81744784116745,0.42251238226890566],"AAnimation":{"Name":"Idle","Weight":0},"CCFrame":[161.4541473388672,-16.739992141723634,-235.5206298828125,-0.6947011351585388,3.248509372610897e-8,0.7192984819412231,-3.5002340581513639e-8,1,-7.896757381331554e-8,-0.7192984819412231,-8.003599560879593e-8,-0.6947011351585388],"CCameraCFrame":[165.64137268066407,4.665229797363281,-242.2047119140625,-0.7085353136062622,-0.658264696598053,0.25429388880729678,0,0.36035531759262087,0.9328151345252991,-0.7056754231452942,0.6609324812889099,-0.25532445311546328],"time":0.003538370132446289},{"ShiftLock":true,"VVelocity":[-2.237380027770996,-0.3065553307533264,2.2470219135284426],"AAnimation":{"Name":"Idle","Weight":0},"CCFrame":[161.44482421875,-16.741270065307618,-235.51126098632813,-0.7005002498626709,2.451137603998177e-8,0.7136521339416504,-3.647874891044012e-8,1,-7.01528719559974e-8,-0.7136521339416504,-7.517524380773466e-8,-0.7005002498626709],"CCameraCFrame":[165.61380004882813,4.6759185791015629,-242.17703247070313,-0.7085351943969727,-0.6587310433387756,0.253083735704422,-1.4901162970204497e-8,0.3586404025554657,0.9334757924079895,-0.7056755423545837,0.6614004373550415,-0.25410932302474978],"time":0.00690770149230957},{"ShiftLock":true,"VVelocity":[-4.054640769958496,-0.10072411596775055,4.071531295776367],"AAnimation":{"Name":"Idle","Weight":0},"CCFrame":[161.4279327392578,-16.741689682006837,-235.49429321289063,-0.7038602828979492,1.7211569058872557e-8,0.7103384733200073,-3.762455591527214e-8,1,-6.151152120992265e-8,-0.7103384733200073,-7.002168445069401e-8,-0.7038602828979492],"CCameraCFrame":[165.59588623046876,4.679323196411133,-242.15902709960938,-0.7085345387458801,-0.6588865518569946,0.25268039107322695,0,0.35806846618652346,0.9336953163146973,-0.7056761980056763,0.6615554094314575,-0.2537038326263428],"time":0.011015892028808594},{"ShiftLock":true,"VVelocity":[-5.871903896331787,0.016036786139011384,5.896037578582764],"AAnimation":{"Name":"Idle","Weight":0},"CCFrame":[161.40347290039063,-16.741622924804689,-235.4697265625,-0.7058119773864746,1.0281713258564196e-8,0.7083991765975952,-3.860094821561688e-8,1,-5.297398431025613e-8,-0.7083991765975952,-6.473455727018518e-8,-0.7058119773864746],"CCameraCFrame":[165.561767578125,4.688251495361328,-242.124755859375,-0.7085340619087219,-0.659196138381958,0.2518729269504547,0,0.35692399740219118,0.9341334104537964,-0.7056766748428345,0.6618653535842896,-0.25289279222488406],"time":0.016232967376708986},{"ShiftLock":true,"VVelocity":[-7.689169406890869,0.07844781875610352,7.720541477203369],"AAnimation":{"Name":"Idle","Weight":0},"CCFrame":[161.37142944335938,-16.741296768188478,-235.43756103515626,-0.7063700556755066,3.606639653597199e-9,0.7078427672386169,-3.948508719986421e-8,1,-4.449819002161348e-8,-0.7078427672386169,-5.938142066952423e-8,-0.7063700556755066],"CCameraCFrame":[165.50820922851563,4.706920623779297,-242.0622100830078,-0.7079572677612305,-0.6603524684906006,0.2504618465900421,-1.4901159417490817e-8,0.354633629322052,0.9350053668022156,-0.7062552571296692,0.6619438529014587,-0.2510654628276825],"time":0.01908087730407715},{"ShiftLock":true,"VVelocity":[-9.511100769042969,0.10817686468362808,9.540385246276856],"AAnimation":{"Name":"Idle","Weight":0},"CCFrame":[161.33180236816407,-16.740846633911134,-235.39781188964845,-0.7070325613021851,-3.011530802510265e-9,0.7071809768676758,-4.032731126812905e-8,1,-3.6060342267774106e-8,-0.7071809768676758,-5.4014545725067367e-8,-0.7070325613021851],"CCameraCFrame":[165.467529296875,4.711877822875977,-242.02139282226563,-0.7079577445983887,-0.6605053544044495,0.25005704164505007,0,0.35406064987182619,0.9352223873138428,-0.7062548398971558,0.6620979309082031,-0.2506599724292755],"time":0.024009227752685548},{"ShiftLock":true,"VVelocity":[-10.62921142578125,0.11865335702896118,10.657221794128418],"AAnimation":{"Name":"Idle","Weight":0},"CCFrame":[161.2875213623047,-16.740352630615236,-235.35340881347657,-0.7074186205863953,-9.570093162381e-9,0.706794798374176,-4.114961171808318e-8,1,-2.7645802092024497e-8,-0.706794798374176,-4.8641489058809387e-8,-0.7074186205863953],"CCameraCFrame":[165.4192657470703,4.716951370239258,-241.97299194335938,-0.7079580426216126,-0.660658061504364,0.24965223670005799,0,0.35348764061927798,0.9354391098022461,-0.7062544822692871,0.6622516512870789,-0.25025442242622378],"time":0.02732396125793457},{"ShiftLock":true,"VVelocity":[-11.04849910736084,0.11815312504768372,11.076038360595704],"AAnimation":{"Name":"Idle","Weight":0},"CCFrame":[161.24148559570313,-16.73986053466797,-235.30726623535157,-0.7076440453529358,-1.609627453547091e-8,0.7065690755844116,-4.196290248614787e-8,1,-1.9245854687710563e-8,-0.7065690755844116,-4.3268904903470687e-8,-0.7076440453529358],"CCameraCFrame":[165.36634826660157,4.7220611572265629,-241.91993713378907,-0.7079584002494812,-0.6608105301856995,0.24924743175506593,0,0.3529146611690521,0.9356554746627808,-0.7062541246414185,0.6624051332473755,-0.24984891712665559],"time":0.03325462341308594},{"ShiftLock":true,"VVelocity":[-11.205728530883789,0.11173103004693985,11.233098983764649],"AAnimation":{"Name":"Idle","Weight":0},"CCFrame":[161.19479370117188,-16.739395141601564,-235.26046752929688,-0.7071977257728577,-2.2569295765606513e-8,0.7070158123970032,-4.276555642945823e-8,1,-1.0854648735403316e-8,-0.7070158123970032,-3.7912307959686589e-8,-0.7071977257728577],"CCameraCFrame":[165.30838012695313,4.7317657470703129,-241.8531494140625,-0.7073811888694763,-0.6616566777229309,0.2486409693956375,0,0.35176801681518557,0.9360872507095337,-0.7068322896957398,0.6621705293655396,-0.24883407354354859],"time":0.0354616641998291},{"ShiftLock":true,"VVelocity":[-11.27047061920166,0.10243487358093262,11.286224365234375],"AAnimation":{"Name":"Idle","Weight":0},"CCFrame":[161.1478271484375,-16.738967895507814,-235.21343994140626,-0.7072747945785523,-2.906776508382336e-8,0.7069387435913086,-4.356685323614329e-8,1,-2.469761950507632e-9,-0.7069387435913086,-3.254589486800796e-8,-0.7072747945785523],"CCameraCFrame":[165.25303649902345,4.736822128295898,-241.79769897460938,-0.7073816061019898,-0.6618083715438843,0.24823543429374696,0,0.35119450092315676,0.9363024234771729,-0.7068318724632263,0.6623231172561646,-0.24842853844165803],"time":0.04094576835632324},{"ShiftLock":true,"VVelocity":[-11.294744491577149,0.038400597870349887,11.306150436401368],"AAnimation":{"Name":"Idle","Weight":0},"CCFrame":[161.10076904296876,-16.738807678222658,-235.1663360595703,-0.7073185443878174,-3.556037597718387e-8,0.7068949341773987,-4.4367798324174149e-8,1,5.910647526974344e-9,-0.7068949341773987,-2.7182663231428706e-8,-0.7073185443878174],"CCameraCFrame":[165.18011474609376,4.750988006591797,-241.7246856689453,-0.7073809504508972,-0.6622641682624817,0.24701890349388123,0,0.3494730293750763,0.9369463920593262,-0.7068325281143189,0.6627780199050903,-0.2472105622291565],"time":0.044037818908691409},{"ShiftLock":true,"VVelocity":[-11.303853988647461,0.055371034890413287,11.313615798950196],"AAnimation":{"Name":"Idle","Weight":0},"CCFrame":[161.0536651611328,-16.738576889038087,-235.11920166015626,-0.7073445320129395,-4.20494039587993e-8,0.7068689465522766,-4.516878604476915e-8,1,1.428766793765135e-8,-0.7068689465522766,-2.1822108564606425e-8,-0.7073445320129395],"CCameraCFrame":[165.11573791503907,4.7602691650390629,-241.66024780273438,-0.7073808312416077,-0.6625664234161377,0.24620714783668519,1.4901162970204497e-8,0.3483245372772217,0.9373738765716553,-0.7068325877189636,0.6630803346633911,-0.24639810621738435],"time":0.04859304428100586},{"ShiftLock":true,"VVelocity":[-11.307271957397461,0.06167840585112572,11.316413879394532],"AAnimation":{"Name":"Idle","Weight":0},"CCFrame":[161.0065460205078,-16.738319396972658,-235.07205200195313,-0.7073602080345154,-4.8535959251694297e-8,0.7068532109260559,-4.5969912321197629e-8,1,2.266194876199279e-8,-0.7068532109260559,-1.6463818752754379e-8,-0.7073602080345154],"CCameraCFrame":[165.05996704101563,4.765052795410156,-241.6044464111328,-0.7073813080787659,-0.662716805934906,0.2458009570837021,1.4901161193847657e-8,0.34775009751319888,0.9375872611999512,-0.7068321108818054,0.6632317304611206,-0.24599191546440125],"time":0.05337858200073242},{"ShiftLock":true,"VVelocity":[-11.308548927307129,0.06187628582119942,11.317468643188477],"AAnimation":{"Name":"Idle","Weight":0},"CCFrame":[160.9594268798828,-16.738061904907228,-235.02490234375,-0.7073692679405212,-5.5020585421061699e-8,0.7068442106246948,-4.6771145179036469e-8,1,3.1033874137165188e-8,-0.7068442106246948,-1.1107505137886165e-8,-0.7073692679405212],"CCameraCFrame":[164.98684692382813,4.778913497924805,-241.53128051757813,-0.7073816657066345,-0.6631672382354736,0.24458228051662446,0,0.34602612257003786,0.9382248520851135,-0.7068318724632263,0.6636830568313599,-0.2447725236415863],"time":0.057233572006225589},{"ShiftLock":true,"VVelocity":[-11.3090238571167,0.05876478552818298,11.317867279052735],"AAnimation":{"Name":"Idle","Weight":0},"CCFrame":[160.9123077392578,-16.737817764282228,-234.9777374267578,-0.7073743343353272,-6.150357734213685e-8,0.7068390846252441,-4.757243488029417e-8,1,3.94036767659145e-8,-0.7068390846252441,-5.752907039635602e-9,-0.7073743343353272],"CCameraCFrame":[164.92239379882813,4.788198471069336,-241.46678161621095,-0.7073814272880554,-0.6634664535522461,0.24376976490020753,-1.4901162970204497e-8,0.3448765277862549,0.9386480450630188,-0.7068319916725159,0.6639822125434876,-0.24395927786827088],"time":0.06062173843383789},{"ShiftLock":true,"VVelocity":[-11.3092041015625,0.05402769893407822,11.318015098571778],"AAnimation":{"Name":"Idle","Weight":0},"CCFrame":[160.8651885986328,-16.737592697143556,-234.93057250976563,-0.7073772549629211,-6.798508422889427e-8,0.7068362236022949,-4.837371392341083e-8,1,4.777148987500368e-8,-0.7068362236022949,-3.998297526397465e-10,-0.7073772549629211],"CCameraCFrame":[164.85792541503907,4.797443389892578,-241.40225219726563,-0.7073813676834106,-0.6637647151947022,0.24295660853385926,0,0.3437260687351227,0.9390698671340942,-0.7068321108818054,0.6642805337905884,-0.2431454211473465],"time":0.06654119491577149},{"ShiftLock":true,"VVelocity":[-11.309271812438965,0.048648372292518619,11.318069458007813],"AAnimation":{"Name":"Idle","Weight":0},"CCFrame":[160.8180694580078,-16.737390518188478,-234.88340759277345,-0.7079554200172424,-7.446546845812918e-8,0.7062571048736572,-4.918176443879929e-8,1,5.613674147753045e-8,-0.7062571048736572,5.007340764251467e-9,-0.7079554200172424],"CCameraCFrame":[164.78822326660157,4.806638717651367,-241.34092712402345,-0.7079580426216126,-0.6635193228721619,0.2419453263282776,0,0.3425752818584442,0.9394903182983398,-0.7062545418739319,0.6651197075843811,-0.24252891540527345],"time":0.06937980651855469},{"ShiftLock":true,"VVelocity":[-11.301365852355957,0.038019049912691119,11.326026916503907],"AAnimation":{"Name":"Idle","Weight":0},"CCFrame":[160.723876953125,-16.73705291748047,-234.78903198242188,-0.7079551815986633,-8.742149759655149e-8,0.7062573432922363,-5.079753861991776e-8,1,7.286170244924506e-8,-0.7062573432922363,1.5706687506167328e-8,-0.7079551815986633],"CCameraCFrame":[164.73243713378907,4.811315536499023,-241.28506469726563,-0.7079574465751648,-0.6636679172515869,0.2415390908718109,1.4901161193847657e-8,0.34199976921081545,0.9397000670433044,-0.7062550783157349,0.6652676463127136,-0.24212126433849336],"time":0.07506537437438965},{"ShiftLock":true,"VVelocity":[-11.301365852355957,0.038019049912691119,11.326026916503907],"AAnimation":{"Name":"Idle","Weight":0},"CCFrame":[160.723876953125,-16.73705291748047,-234.78903198242188,-0.7079580426216126,-8.742143364770527e-8,0.7062544822692871,-5.079753861991776e-8,1,7.286170244924506e-8,-0.7062544822692871,1.5707041001178369e-8,-0.7079580426216126],"CCameraCFrame":[164.60353088378907,4.829469680786133,-241.15589904785157,-0.7079578638076782,-0.664257287979126,0.2399120032787323,0,0.33969616889953616,0.9405351281166077,-0.7062546014785767,0.6658592224121094,-0.2404906004667282],"time":0.07702016830444336},{"ShiftLock":true,"VVelocity":[-11.300558090209961,0.03322980925440788,11.326839447021485],"AAnimation":{"Name":"Idle","Weight":0},"CCFrame":[160.67678833007813,-16.736913681030275,-234.74183654785157,-0.707957923412323,-9.389737698484169e-8,0.7062546014785767,-5.160525162750673e-8,1,8.122145800371072e-8,-0.7062546014785767,2.1054928467378887e-8,-0.707957923412323],"CCameraCFrame":[164.5948486328125,4.833906173706055,-241.14720153808595,-0.7079583406448364,-0.6644037961959839,0.2395050823688507,0,0.33912020921707156,0.940743088722229,-0.706254243850708,0.6660069227218628,-0.24008296430110932],"time":0.08319401741027832},{"ShiftLock":true,"VVelocity":[-11.300251960754395,0.0288951825350523,11.327147483825684],"AAnimation":{"Name":"Idle","Weight":0},"CCFrame":[160.62969970703126,-16.736793518066408,-234.69464111328126,-0.7085347771644592,-1.0035469699687383e-7,0.7056758999824524,-5.241963663138449e-8,1,8.95787479748833e-8,-0.7056758999824524,2.647838570624117e-8,-0.7085347771644592],"CCameraCFrame":[164.5165252685547,4.847309112548828,-241.0770263671875,-0.7085351347923279,-0.6642981767654419,0.23808830976486207,0,0.33739063143730166,0.9413647651672363,-0.7056756019592285,0.6669899821281433,-0.23905310034751893],"time":0.08576107025146485},{"ShiftLock":true,"VVelocity":[-11.294349670410157,0.025045204907655717,11.33303165435791],"AAnimation":{"Name":"Idle","Weight":0},"CCFrame":[160.5826416015625,-16.7366886138916,-234.6474151611328,-0.7085352540016174,-1.0682786211191342e-7,0.7056754231452942,-5.3233865315860388e-8,1,9.793424737836176e-8,-0.7056754231452942,3.182403673918088e-8,-0.7085352540016174],"CCameraCFrame":[164.46075439453126,4.851833343505859,-241.0211181640625,-0.7085354328155518,-0.6644435524940491,0.2376813441514969,-1.4901162970204497e-8,0.33681410551071169,0.9415711760520935,-0.7056753039360046,0.667136549949646,-0.23864470422267915],"time":0.09033918380737305},{"ShiftLock":true,"VVelocity":[-11.291301727294922,0.01868802309036255,11.33607006072998],"AAnimation":{"Name":"Idle","Weight":0},"CCFrame":[160.48854064941407,-16.736520767211915,-234.55294799804688,-0.7085350751876831,-1.0330445121553567e-7,0.7056756019592285,-4.79543054154874e-8,1,9.824223212717698e-8,-0.7056756019592285,3.5767882877735249e-8,-0.7085350751876831],"CCameraCFrame":[164.3876190185547,4.865110397338867,-240.9477081298828,-0.7085354328155518,-0.6648792028427124,0.23645979166030885,1.4901162970204497e-8,0.3350830078125,0.942188560962677,-0.7056753039360046,0.6675739884376526,-0.23741815984249116],"time":0.09560322761535645},{"ShiftLock":true,"VVelocity":[-11.291301727294922,0.01868802309036255,11.33607006072998],"AAnimation":{"Name":"Idle","Weight":0},"CCFrame":[160.48854064941407,-16.736520767211915,-234.55294799804688,-0.7091112732887268,-1.0327519817110442e-7,0.7050966024398804,-4.79543054154874e-8,1,9.824223212717698e-8,-0.7050966024398804,3.585224916946572e-8,-0.7091112732887268],"CCameraCFrame":[164.25363159179688,4.882734298706055,-240.8214111328125,-0.7091112732887268,-0.6649108529090881,0.23463745415210725,0,0.33277350664138796,0.9430067539215088,-0.7050966024398804,0.6686967015266419,-0.23597343266010285],"time":0.09789752960205078},{"ShiftLock":true,"VVelocity":[-11.28520393371582,0.016106946393847467,11.34213924407959],"AAnimation":{"Name":"Idle","Weight":0},"CCFrame":[160.44151306152345,-16.736454010009767,-234.5056915283203,-0.709111213684082,-9.328211092451966e-8,0.7050966024398804,-4.185541513379576e-8,1,9.020319424735135e-8,-0.7050966024398804,3.445198615281697e-8,-0.709111213684082],"CCameraCFrame":[164.25363159179688,4.882734298706055,-240.8214111328125,-0.7091112732887268,-0.6649108529090881,0.23463748395442964,0,0.3327735364437103,0.9430067539215088,-0.7050966024398804,0.6686967015266419,-0.23597346246242524],"time":0.1029970645904541},{"ShiftLock":true,"VVelocity":[-11.282917976379395,0.013874400407075882,11.344414710998536],"AAnimation":{"Name":"Idle","Weight":0},"CCFrame":[160.39450073242188,-16.73639678955078,-234.4584197998047,-0.7091108560562134,-8.32911837278516e-8,0.7050970196723938,-3.57578358034516e-8,1,8.216587588094626e-8,-0.7050970196723938,3.305197182612574e-8,-0.7091108560562134],"CCameraCFrame":[164.18052673339845,4.895814895629883,-240.7479248046875,-0.7091109752655029,-0.6653412580490112,0.23341520130634309,0,0.3310399055480957,0.9436167478561401,-0.7050969004631043,0.6691290140151978,-0.23474402725696565],"time":0.10703516006469727},{"ShiftLock":true,"VVelocity":[-11.282063484191895,0.011949855834245682,11.34526538848877],"AAnimation":{"Name":"Idle","Weight":0},"CCFrame":[160.3474884033203,-16.736347198486329,-234.41114807128907,-0.7096865773200989,-7.32753449028678e-8,0.7045175433158875,-2.9655000233219654e-8,1,7.413525793253939e-8,-0.7045175433158875,3.172032592146934e-8,-0.7096865773200989],"CCameraCFrame":[164.1023406982422,4.908819198608398,-240.6774444580078,-0.7096865773200989,-0.6652221083641052,0.23200125992298127,1.4901162970204497e-8,0.32930517196655276,0.9442235827445984,-0.7045176029205322,0.6701027750968933,-0.23370341956615449],"time":0.11199426651000977},{"ShiftLock":true,"VVelocity":[-11.275949478149414,0.010287536308169365,11.351339340209961],"AAnimation":{"Name":"Idle","Weight":0},"CCFrame":[160.30050659179688,-16.736305236816408,-234.3638458251953,-0.7096862196922302,-6.328868096261431e-8,0.7045179009437561,-2.3553473837978346e-8,1,6.610634528669834e-8,-0.7045179009437561,3.032091910881718e-8,-0.7096862196922302],"CCameraCFrame":[164.02053833007813,4.926023483276367,-240.59512329101563,-0.7096862196922302,-0.6657888293266296,0.2303706407546997,1.4901161193847657e-8,0.3269904851913452,0.9450275897979736,-0.7045179009437561,0.6706730723381043,-0.23206064105033875],"time":0.11496210098266602},{"ShiftLock":true,"VVelocity":[-11.273659706115723,0.008862575516104699,11.353614807128907],"AAnimation":{"Name":"Idle","Weight":0},"CCFrame":[160.2535400390625,-16.736268997192384,-234.31654357910157,-0.7096866965293884,-5.3304116676144989e-8,0.7045174241065979,-1.7453247735943479e-8,1,5.807915925970519e-8,-0.7045174241065979,2.892189243652865e-8,-0.7096866965293884],"CCameraCFrame":[163.95616149902345,4.934597015380859,-240.53028869628907,-0.7096866965293884,-0.6660701632499695,0.22955459356307984,1.4901162970204497e-8,0.3258323669433594,0.9454275369644165,-0.7045174241065979,0.6709573268890381,-0.23123887181282044],"time":0.11914420127868653},{"ShiftLock":true,"VVelocity":[-11.272797584533692,0.007637673988938332,11.354472160339356],"AAnimation":{"Name":"Idle","Weight":0},"CCFrame":[160.20657348632813,-16.736236572265626,-234.26922607421876,-0.7102619409561157,-4.329806557734628e-8,0.7039374709129334,-1.1347770723091344e-8,1,5.005867365071026e-8,-0.7039374709129334,2.756664940761766e-8,-0.7102619409561157],"CCameraCFrame":[163.87803649902345,4.947376251220703,-240.45962524414063,-0.7102620005607605,-0.6659423112869263,0.22814211249351502,0,0.324094295501709,0.9460247755050659,-0.7039374709129334,0.67192542552948,-0.23019184172153474],"time":0.12381172180175781},{"ShiftLock":true,"VVelocity":[-11.266674041748047,0.006568912882357836,11.360546112060547],"AAnimation":{"Name":"Idle","Weight":0},"CCFrame":[160.1596221923828,-16.736209869384767,-234.22189331054688,-0.7108365297317505,-3.3295265211563677e-8,0.7033572196960449,-5.2370552339198188e-9,1,4.204488845971355e-8,-0.7033572196960449,2.620352290705341e-8,-0.7108365297317505],"CCameraCFrame":[163.791259765625,4.96429443359375,-240.38009643554688,-0.7108364701271057,-0.6659501194953919,0.22632268071174622,-1.4901161193847657e-8,0.32177484035491946,0.9468162059783936,-0.7033573389053345,0.6730315089225769,-0.22872929275035859],"time":0.1280817985534668},{"ShiftLock":true,"VVelocity":[-11.258575439453125,0.005656211171299219,11.368569374084473],"AAnimation":{"Name":"Idle","Weight":0},"CCFrame":[160.1127166748047,-16.736186981201173,-234.17453002929688,-0.7108368873596191,-2.3317111796927749e-8,0.7033568620681763,8.723593514226025e-10,1,3.4032819229423697e-8,-0.7033568620681763,2.480536309690251e-8,-0.7108368873596191],"CCameraCFrame":[163.70947265625,4.981084823608398,-240.2975616455078,-0.7108368277549744,-0.6665024757385254,0.22468988597393037,0,0.3194535970687866,0.9476019144058228,-0.7033570408821106,0.673590362071991,-0.2270793467760086],"time":0.13225650787353517},{"ShiftLock":true,"VVelocity":[-11.255536079406739,0.00487575214356184,11.37158203125],"AAnimation":{"Name":"Idle","Weight":0},"CCFrame":[160.06581115722657,-16.73616600036621,-234.1271514892578,-0.71141117811203,-1.3320833325281e-8,0.7027760148048401,6.987008749348433e-9,1,2.6027452193488899e-8,-0.7027760148048401,2.3426522943736928e-8,-0.71141117811203],"CCameraCFrame":[163.63148498535157,4.993597030639648,-240.22665405273438,-0.71141117811203,-0.6663632988929749,0.22328022122383119,1.4901161193847657e-8,0.3177117705345154,0.9481873512268066,-0.7027760148048401,0.6745510697364807,-0.22602370381355287],"time":0.1356515884399414},{"ShiftLock":true,"VVelocity":[-11.24858570098877,0.004190721549093723,11.37845516204834],"AAnimation":{"Name":"Idle","Weight":0},"CCFrame":[160.01893615722657,-16.736148834228517,-234.07974243164063,-0.7114113569259644,-3.3469509386208075e-9,0.7027758359909058,1.3100352802553062e-8,1,1.8023799341904124e-8,-0.7027758359909058,2.202894755498619e-8,-0.7114113569259644],"CCameraCFrame":[163.5497283935547,5.010166168212891,-240.1439971923828,-0.7114112377166748,-0.6669084429740906,0.22164671123027802,0,0.31538742780685427,0.9489629864692688,-0.7027760148048401,0.675102949142456,-0.22437016665935517],"time":0.1411118507385254},{"ShiftLock":true,"VVelocity":[-11.245979309082032,0.003605074714869261,11.381032943725586],"AAnimation":{"Name":"Idle","Weight":0},"CCFrame":[159.97207641601563,-16.736133575439454,-234.03231811523438,-0.7119843363761902,6.6427636724597509e-9,0.7021953463554382,1.9218916236241058e-8,1,1.0026844243782307e-8,-0.7021953463554382,2.0634388420148754e-8,-0.7119843363761902],"CCameraCFrame":[163.4630889892578,5.026611328125,-240.0640869140625,-0.711984395980835,-0.6668980121612549,0.21983014047145844,-1.4901159417490817e-8,0.31306126713752749,0.9497329592704773,-0.7021952867507935,0.6761950254440308,-0.22289474308490754],"time":0.14394140243530274},{"ShiftLock":true,"VVelocity":[-11.239194869995118,0.003097094362601638,11.387731552124024],"AAnimation":{"Name":"Idle","Weight":0},"CCFrame":[159.9252471923828,-16.736120223999025,-233.98486328125,-0.7125576734542847,1.662923310163933e-8,0.7016135454177856,2.534270038268005e-8,1,2.0365951147738316e-9,-0.7016135454177856,1.923197245901065e-8,-0.7125576734542847],"CCameraCFrame":[163.37648010253907,5.042932510375977,-239.9840850830078,-0.7125577330589294,-0.6668816804885864,0.21801429986953736,0,0.31073278188705447,0.9504972696304321,-0.7016134858131409,0.6772841811180115,-0.22141504287719727],"time":0.1484363079071045},{"ShiftLock":true,"VVelocity":[-11.230833053588868,0.0026550740003585817,11.395977020263672],"AAnimation":{"Name":"Idle","Weight":0},"CCFrame":[159.87844848632813,-16.736108779907228,-233.9373779296875,-0.7131311893463135,2.661244025148335e-8,0.7010306119918823,3.147170701822688e-8,1,-5.946938053114081e-9,-0.7010306119918823,1.7821681908003485e-8,-0.7131311893463135],"CCameraCFrame":[163.28993225097657,5.05912971496582,-239.90396118164063,-0.7131311893463135,-0.6668593883514404,0.21619980037212373,1.4901162970204497e-8,0.30840280652046206,0.9512557983398438,-0.7010305523872376,0.6783701777458191,-0.2199316769838333],"time":0.15227365493774415},{"ShiftLock":true,"VVelocity":[-11.221867561340332,0.002272635465487838,11.404804229736329],"AAnimation":{"Name":"Idle","Weight":0},"CCFrame":[159.83169555664063,-16.736099243164064,-233.88986206054688,-0.7137037515640259,3.659235048303344e-8,0.700447678565979,3.760592193202683e-8,1,-1.3923753705569198e-8,-0.700447678565979,1.6403545188836689e-8,-0.7137037515640259],"CCameraCFrame":[163.20346069335938,5.075202941894531,-239.82371520996095,-0.7137037515640259,-0.6668322682380676,0.21438679099082948,0,0.30607110261917117,0.9520086050033569,-0.7004477381706238,0.679452121257782,-0.2184440791606903],"time":0.15705537796020509},{"ShiftLock":true,"VVelocity":[-11.212677001953125,0.0019462265772745014,11.413839340209961],"AAnimation":{"Name":"Idle","Weight":0},"CCFrame":[159.78497314453126,-16.73609161376953,-233.84230041503907,-0.7137039303779602,4.655558072386157e-8,0.7004474997520447,4.3738829447192987e-8,1,-2.189886494363691e-8,-0.7004474997520447,1.500744772897633e-8,-0.7137039303779602],"CCameraCFrame":[163.121826171875,5.091154098510742,-239.74066162109376,-0.7137040495872498,-0.6673552989959717,0.21275188028812409,0,0.3037371039390564,0.9527558088302612,-0.7004473805427551,0.6799857020378113,-0.21677841246128083],"time":0.16134142875671388},{"ShiftLock":true,"VVelocity":[-11.209227561950684,0.0016740711871534587,11.417230606079102],"AAnimation":{"Name":"Idle","Weight":0},"CCFrame":[159.73826599121095,-16.736083984375,-233.7947235107422,-0.7142753601074219,5.652890777696484e-8,0.6998648047447205,4.987693102975754e-8,1,-2.986726244103011e-8,-0.6998648047447205,1.357365686516232e-8,-0.7142753601074219],"CCameraCFrame":[163.0354461669922,5.10698127746582,-239.66018676757813,-0.7142753005027771,-0.6673191785812378,0.21094030141830445,0,0.3014014959335327,0.9534972906112671,-0.6998648047447205,0.6810595393180847,-0.21528366208076478],"time":0.16493701934814454},{"ShiftLock":true,"VVelocity":[-11.19943904876709,0.0012282562674954534,11.426834106445313],"AAnimation":{"Name":"Idle","Weight":0},"CCFrame":[159.64492797851563,-16.736072540283204,-233.6995086669922,-0.7148467898368836,7.645578392612151e-8,0.6992811560630798,6.216220782562232e-8,1,-4.578892287554481e-8,-0.6992811560630798,1.0736793676358048e-8,-0.7148467898368836],"CCameraCFrame":[162.94912719726563,5.122682571411133,-239.57962036132813,-0.7148469090461731,-0.6672769784927368,0.20913013815879823,0,0.2990645170211792,0.9542328715324402,-0.6992810368537903,0.6821303963661194,-0.2137853354215622],"time":0.1703319549560547},{"ShiftLock":true,"VVelocity":[-11.19943904876709,0.0012282562674954534,11.426834106445313],"AAnimation":{"Name":"Idle","Weight":0},"CCFrame":[159.64492797851563,-16.736072540283204,-233.6995086669922,-0.7154179215431213,7.646453070719872e-8,0.6986968517303467,6.216220782562232e-8,1,-4.578892287554481e-8,-0.6986968517303467,1.067432098267318e-8,-0.7154179215431213],"CCameraCFrame":[162.79873657226563,5.1460113525390629,-239.43345642089845,-0.7154179215431213,-0.6674830913543701,0.2065032571554184,0,0.29555487632751467,0.955325722694397,-0.6986968517303467,0.6834571361541748,-0.21144524216651917],"time":0.1730644702911377},{"ShiftLock":true,"VVelocity":[-11.186758041381836,0.001046765479259193,11.439241409301758],"AAnimation":{"Name":"Idle","Weight":0},"CCFrame":[159.5983123779297,-16.736068725585939,-233.65184020996095,-0.7154182195663452,8.64192557514798e-8,0.6986964344978333,6.830938303892253e-8,1,-5.374218403630948e-8,-0.6986964344978333,9.27938792472105e-9,-0.7154182195663452],"CCameraCFrame":[162.78128051757813,5.153722763061523,-239.41558837890626,-0.7154183387756348,-0.6677351593971252,0.2056850790977478,0,0.29438406229019167,0.9556871652603149,-0.6986963748931885,0.6837161183357239,-0.21060775220394135],"time":0.17821979522705079},{"ShiftLock":true,"VVelocity":[-11.181998252868653,0.0009007977787405252,11.443899154663086],"AAnimation":{"Name":"Idle","Weight":0},"CCFrame":[159.55172729492188,-16.736064910888673,-233.60415649414063,-0.715988039970398,9.637938802598e-8,0.6981124877929688,7.446173810876644e-8,1,-6.168872346279386e-8,-0.6981124877929688,7.814277225293154e-9,-0.715988039970398],"CCameraCFrame":[162.6776580810547,5.176673889160156,-239.31678771972657,-0.7159880995750427,-0.6679280400276184,0.20305956900119782,1.4901161193847657e-8,0.29086941480636599,0.9567627906799316,-0.6981124877929688,0.6850307583808899,-0.20825903117656709],"time":0.1816577911376953},{"ShiftLock":true,"VVelocity":[-11.1743745803833,0.0007739641587249935,11.451343536376954],"AAnimation":{"Name":"Idle","Weight":0},"CCFrame":[159.5051727294922,-16.736061096191408,-233.5564422607422,-0.7165580987930298,1.0633619496047686e-7,0.6975274682044983,8.061925882429932e-8,1,-6.962854115499795e-8,-0.6975274682044983,6.34125196796731e-9,-0.7165580987930298],"CCameraCFrame":[162.6002655029297,5.188045501708984,-239.24473571777345,-0.7165580987930298,-0.667739987373352,0.2016628086566925,0,0.2891109585762024,0.9572955965995789,-0.6975274682044983,0.6859579086303711,-0.20716477930545808],"time":0.18620681762695313},{"ShiftLock":true,"VVelocity":[-11.165664672851563,0.000657625962048769,11.459835052490235],"AAnimation":{"Name":"Idle","Weight":0},"CCFrame":[159.45864868164063,-16.736059188842775,-233.50869750976563,-0.7171280980110169,1.1628967655497036e-7,0.6969414353370667,8.678194518552118e-8,1,-7.756162290206703e-8,-0.6969414353370667,4.860314373189567e-9,-0.7171280980110169],"CCameraCFrame":[162.5142059326172,5.203104019165039,-239.16360473632813,-0.7171280384063721,-0.6676708459854126,0.1998577117919922,0,0.2867639660835266,0.9580012559890747,-0.6969414949417114,0.6870095729827881,-0.20564647018909455],"time":0.19092464447021485},{"ShiftLock":true,"VVelocity":[-11.156540870666504,0.0005707558011636138,11.468717575073243],"AAnimation":{"Name":"Idle","Weight":0},"CCFrame":[159.41217041015626,-16.73605728149414,-233.46090698242188,-0.7171275615692139,1.0795830718279831e-7,0.6969419121742249,7.982910688042466e-8,1,-7.27616651374774e-8,-0.6969419121742249,3.4568528040068715e-9,-0.7171275615692139],"CCameraCFrame":[162.44149780273438,5.214317321777344,-239.0889129638672,-0.7171276807785034,-0.6680373549461365,0.1986304074525833,0,0.28500285744667055,0.9585266709327698,-0.6969418525695801,0.6873860359191895,-0.20438341796398164],"time":0.19419240951538087},{"ShiftLock":true,"VVelocity":[-11.153120994567871,0.0004998710355721414,11.472044944763184],"AAnimation":{"Name":"Idle","Weight":0},"CCFrame":[159.36569213867188,-16.736055374145509,-233.41310119628907,-0.7176964282989502,9.963151370584456e-8,0.6963560581207275,7.287383851917184e-8,1,-6.796841489631334e-8,-0.6963560581207275,1.965450691088222e-9,-0.7176964282989502],"CCameraCFrame":[162.35556030273438,5.229156494140625,-239.00758361816407,-0.717696487903595,-0.6679602265357971,0.19682741165161134,0,0.28265339136123659,0.959222137928009,-0.6963561177253723,0.6884303689002991,-0.20285934209823609],"time":0.19822382926940919},{"ShiftLock":true,"VVelocity":[-11.145980834960938,0.0004376248689368367,11.478981971740723],"AAnimation":{"Name":"Idle","Weight":0},"CCFrame":[159.31924438476563,-16.736053466796876,-233.36526489257813,-0.7182649970054627,9.130528866307941e-8,0.6957696080207825,6.591614720719008e-8,1,-6.318187217857485e-8,-0.6957696080207825,4.811254172842894e-10,-0.7182649970054627],"CCameraCFrame":[162.27838134765626,5.240205764770508,-238.93515014648438,-0.7182649970054627,-0.6677579283714294,0.19543492794036866,0,0.2808902859687805,0.9597399234771729,-0.6957696676254273,0.6893475651741028,-0.2017536461353302],"time":0.20340228080749513},{"ShiftLock":true,"VVelocity":[-11.137439727783204,0.00038006127579137683,11.487268447875977],"AAnimation":{"Name":"Idle","Weight":0},"CCFrame":[159.27284240722657,-16.736051559448243,-233.31739807128907,-0.7182649970054627,8.297927678313499e-8,0.6957696080207825,5.8959944482239737e-8,1,-5.839635264237586e-8,-0.6957696080207825,-9.215177509958039e-10,-0.7182649970054627],"CCameraCFrame":[162.2144775390625,5.247533798217773,-238.86929321289063,-0.7182649374008179,-0.6679968237876892,0.19461674988269807,-1.4901161193847657e-8,0.27971434593200686,0.9600833058357239,-0.6957696676254273,0.6895941495895386,-0.20090900361537934],"time":0.20642900466918946},{"ShiftLock":true,"VVelocity":[-11.134236335754395,0.00032500046654604375,11.490375518798829],"AAnimation":{"Name":"Idle","Weight":0},"CCFrame":[159.22645568847657,-16.73604965209961,-233.26951599121095,-0.7182643413543701,7.465504126002998e-8,0.695770263671875,5.2005237449748168e-8,1,-5.3611849182289009e-8,-0.695770263671875,-2.3237831658917686e-9,-0.7182643413543701],"CCameraCFrame":[162.14187622070313,5.2584686279296879,-238.79437255859376,-0.7182644009590149,-0.6683539152145386,0.19338877499103547,0,0.27794918417930605,0.9605957269668579,-0.695770263671875,0.6899617314338684,-0.19964098930358888],"time":0.2109689712524414},{"ShiftLock":true,"VVelocity":[-11.133041381835938,0.0002713928697630763,11.491535186767579],"AAnimation":{"Name":"Idle","Weight":0},"CCFrame":[159.18006896972657,-16.736047744750978,-233.2216339111328,-0.7188331484794617,6.63306636283778e-8,0.6951826810836792,4.5048107466527657e-8,1,-4.883405679834141e-8,-0.6951826810836792,-3.786876590083921e-9,-0.7188331484794617],"CCameraCFrame":[162.0648193359375,5.269336700439453,-238.7217559814453,-0.7188331484794617,-0.6681435704231262,0.1919977217912674,1.4901159417490817e-8,0.2761831283569336,0.9611050486564636,-0.6951826810836792,0.6908741593360901,-0.19852957129478455],"time":0.21615910530090333},{"ShiftLock":true,"VVelocity":[-11.126717567443848,0.00021851187921129167,11.49765682220459],"AAnimation":{"Name":"Idle","Weight":0},"CCFrame":[159.1337127685547,-16.736047744750978,-233.17372131347657,-0.7194004058837891,5.800687219448264e-8,0.6945956349372864,3.808856519071924e-8,1,-4.4062964832392029e-8,-0.6945956349372864,-5.24276577706928e-9,-0.7194004058837891],"CCameraCFrame":[161.9790496826172,5.283718109130859,-238.64002990722657,-0.7194003462791443,-0.6680475473403931,0.19019903242588044,0,0.2738269865512848,0.961778998374939,-0.6945956945419312,0.6919041275978088,-0.1969912201166153],"time":0.21922731399536134},{"ShiftLock":true,"VVelocity":[-11.118475914001465,0.0001898511836770922,11.505624771118164],"AAnimation":{"Name":"Idle","Weight":0},"CCFrame":[159.08738708496095,-16.736047744750978,-233.1257781982422,-0.7193996906280518,4.968797284732318e-8,0.6945962905883789,3.113051150194224e-8,1,-3.9292885389841106e-8,-0.6945962905883789,-6.644152339418952e-9,-0.7193996906280518],"CCameraCFrame":[161.92396545410157,5.28729248046875,-238.58306884765626,-0.719399631023407,-0.6681646704673767,0.18978992104530335,1.4901161193847657e-8,0.2732377052307129,0.9619465470314026,-0.6945964694023132,0.6920239925384522,-0.1965670883655548],"time":0.22394561767578126},{"ShiftLock":true,"VVelocity":[-11.115392684936524,0.00017435019253753126,11.50860595703125],"AAnimation":{"Name":"Idle","Weight":0},"CCFrame":[159.04107666015626,-16.736047744750978,-233.07781982421876,-0.7193987369537354,4.137086406785784e-8,0.6945973634719849,2.4173955281980853e-8,1,-3.452381847068864e-8,-0.6945973634719849,-8.045224930697259e-9,-0.7193987369537354],"CCameraCFrame":[161.8514404296875,5.297969818115234,-238.5079803466797,-0.7193987369537354,-0.6685131192207336,0.18856193125247956,1.4901161193847657e-8,0.2714694142341614,0.9624470472335815,-0.6945973038673401,0.6923831701278687,-0.19529475271701814],"time":0.22750592231750489},{"ShiftLock":true,"VVelocity":[-11.114245414733887,0.00016595382476225495,11.509714126586914],"AAnimation":{"Name":"Idle","Weight":0},"CCFrame":[158.99476623535157,-16.736047744750978,-233.0298614501953,-0.7199658751487732,3.304893425593036e-8,0.6940094828605652,1.721499032214524e-8,1,-2.9761448416820714e-8,-0.6940094828605652,-9.479860452188405e-9,-0.7199658751487732],"CCameraCFrame":[161.79202270507813,5.301511764526367,-238.45323181152345,-0.7199658751487732,-0.6680625081062317,0.1879933476448059,0,0.2708800733089447,0.962613046169281,-0.6940094232559204,0.6930485367774963,-0.19502440094947816],"time":0.23141050338745118},{"ShiftLock":true,"VVelocity":[-11.10793685913086,0.00016143270477186888,11.515800476074219],"AAnimation":{"Name":"Idle","Weight":0},"CCFrame":[158.948486328125,-16.736047744750978,-232.98187255859376,-0.7199662327766419,2.4735360426575427e-8,0.6940091252326965,1.0257511284805787e-8,1,-2.500010154449228e-8,-0.6940091252326965,-1.0880422784964594e-8,-0.7199662327766419],"CCameraCFrame":[161.71951293945313,5.312097549438477,-238.3780975341797,-0.7199661731719971,-0.66840660572052,0.18676534295082093,0,0.2691107392311096,0.9631091952323914,-0.6940091848373413,0.6934060454368591,-0.19375063478946687],"time":0.237152099609375},{"ShiftLock":true,"VVelocity":[-11.105567932128907,0.0001589299354236573,11.518086433410645],"AAnimation":{"Name":"Idle","Weight":0},"CCFrame":[158.90220642089845,-16.736047744750978,-232.9338836669922,-0.7199665904045105,1.642356117770305e-8,0.6940087676048279,3.301514839293418e-9,1,-2.0239774300989667e-8,-0.6940087676048279,-1.2280681360721246e-8,-0.7199665904045105],"CCameraCFrame":[161.6470184326172,5.322614669799805,-238.30291748046876,-0.719966471195221,-0.6687484979629517,0.18553665280342103,1.4901159417490817e-8,0.2673404812812805,0.9636021852493286,-0.6940088868141174,0.6937612891197205,-0.19247615337371827],"time":0.2397916316986084},{"ShiftLock":true,"VVelocity":[-11.104677200317383,0.00015755745698697865,11.518946647644043],"AAnimation":{"Name":"Idle","Weight":0},"CCFrame":[158.85594177246095,-16.736047744750978,-232.88589477539063,-0.7205330729484558,8.10350897495482e-9,0.6934205889701843,-3.6568801320413515e-9,1,-1.548614569912843e-8,-0.6934205889701843,-1.3694035239097957e-8,-0.7205330729484558],"CCameraCFrame":[161.5789031982422,5.329586029052734,-238.2389678955078,-0.7205331325531006,-0.6684080362319946,0.18456044793128968,0,0.2661595046520233,0.9639289379119873,-0.6934204697608948,0.6945427656173706,-0.19177675247192384],"time":0.24508237838745118},{"ShiftLock":true,"VVelocity":[-11.098458290100098,0.00015683085075579584,11.52493667602539],"AAnimation":{"Name":"Idle","Weight":0},"CCFrame":[158.8096923828125,-16.736047744750978,-232.83787536621095,-0.7205327153205872,-2.0472747108701839e-10,0.693420946598053,-1.0613786294300099e-8,1,-1.073352695613039e-8,-0.693420946598053,-1.5093679195388178e-8,-0.7205327153205872],"CCameraCFrame":[161.51516723632813,5.336528778076172,-238.17282104492188,-0.7205328941345215,-0.6686340570449829,0.1837415248155594,0,0.26497840881347659,0.9642543196678162,-0.6934208273887634,0.6947769522666931,-0.19092564284801484],"time":0.2483057975769043},{"ShiftLock":true,"VVelocity":[-11.096129417419434,0.00015642718062736094,11.527179718017579],"AAnimation":{"Name":"Idle","Weight":0},"CCFrame":[158.76345825195313,-16.736047744750978,-232.7898406982422,-0.7205338478088379,-8.511219284912386e-9,0.6934197545051575,-1.7569213639490046e-8,1,-5.981937167831575e-9,-0.6934197545051575,-1.6493027388264637e-8,-0.7205338478088379],"CCameraCFrame":[161.45144653320313,5.343441009521484,-238.1066436767578,-0.7205339074134827,-0.6688576340675354,0.18292193114757539,0,0.263796865940094,0.9645782709121704,-0.6934197545051575,0.6950113773345947,-0.19007457792758943],"time":0.2544553279876709},{"ShiftLock":true,"VVelocity":[-11.095245361328125,0.0001561849785503,11.528031349182129],"AAnimation":{"Name":"Idle","Weight":0},"CCFrame":[158.71722412109376,-16.736047744750978,-232.74180603027345,-0.7205342054367065,-1.68159193236761e-8,0.6934193968772888,-2.4523155062183833e-8,1,-1.2313664532470626e-9,-0.6934193968772888,-1.7892073600478399e-8,-0.7205342054367065],"CCameraCFrame":[161.37896728515626,5.35374641418457,-238.03135681152345,-0.72053414583206