[{"ShiftLock":false,"VVelocity":[0,0.000013000240869587288,0],"AAnimation":{"Name":"Idle","Weight":0},"CCFrame":[142.1670379638672,-4.399670124053955,-242.2158660888672,-0.4563334882259369,0,-0.8898088335990906,0,1,0,0.8898088335990906,0,-0.4563334882259369],"CCameraCFrame":[133.20372009277345,4.501579284667969,-246.81265258789063,-0.4563334286212921,0.5268558263778687,-0.7170653343200684,0,0.8058644533157349,0.5920999646186829,0.8898088932037354,0.27019500732421877,-0.3677428662776947],"time":0},{"ShiftLock":true,"VVelocity":[2.1135523319244386,-3.269987106323242,1.1033614873886109],"AAnimation":{"Name":"Idle","Weight":0},"CCFrame":[142.18905639648438,-4.433732509613037,-242.20437622070313,-0.46488967537879946,-0.000012417001926223748,-0.8853686451911926,-0.0000036712899600388484,1,-0.000012096946193196345,0.8853686451911926,-0.0000023733005036774559,-0.46488967537879946],"CCameraCFrame":[132.41384887695313,4.480203628540039,-245.33441162109376,-0.4628616273403168,0.5233396887779236,-0.7154541611671448,1.4901162970204497e-8,0.8071181774139404,0.5903899073600769,0.8864306211471558,0.27326881885528567,-0.37358400225639346],"time":0.01673579216003418},{"ShiftLock":true,"VVelocity":[11.244318962097168,0.6966346502304077,5.871287822723389],"AAnimation":{"Name":"FallAnim","Weight":0},"CCFrame":[142.3193817138672,-4.4349822998046879,-242.13632202148438,-0.46309661865234377,-0.0000011645746553767822,-0.8863078355789185,-3.450848566899367e-7,1,-0.0000011336546776874457,0.8863078355789185,-2.1914024728175719e-7,-0.46309661865234377],"CCameraCFrame":[132.4398651123047,4.452322959899902,-245.32083129882813,-0.4628620743751526,0.5237779021263123,-0.7151332497596741,0,0.806756317615509,0.5908844470977783,0.8864303827285767,0.273497998714447,-0.37341684103012087],"time":0.03394007682800293},{"ShiftLock":true,"VVelocity":[14.124690055847168,0.7521032691001892,7.375431060791016],"AAnimation":{"Name":"FallAnim","Weight":0},"CCFrame":[142.54856872558595,-4.4215474128723148,-242.01666259765626,-0.462889164686203,0.000004720180641015759,-0.8864161968231201,0.000001394662149323267,1,0.000004596719463734189,0.8864161968231201,8.915205285120464e-7,-0.462889164686203],"CCameraCFrame":[132.57020568847657,4.451074123382568,-245.25277709960938,-0.4628620147705078,0.523777961730957,-0.7151331901550293,0,0.8067561984062195,0.5908845067024231,0.8864303231239319,0.273497998714447,-0.37341681122779848],"time":0.04987645149230957},{"ShiftLock":true,"VVelocity":[14.181729316711426,0.46861934661865237,7.405190467834473],"AAnimation":{"Name":"WalkAnim","Weight":0},"CCFrame":[142.78482055664063,-4.411997318267822,-241.893310546875,-0.46286502480506899,0.0000018215841919300147,-0.8864287734031677,5.384212045100867e-7,1,0.0000017738231008479489,0.8864287734031677,3.4376859048279587e-7,-0.46286502480506899],"CCameraCFrame":[132.7993927001953,4.4645094871521,-245.13311767578126,-0.4628620445728302,0.5237780213356018,-0.7151331305503845,-1.4901161193847657e-8,0.8067561984062195,0.5908845663070679,0.8864303827285767,0.2734980285167694,-0.3734167814254761],"time":0.06632828712463379},{"ShiftLock":true,"VVelocity":[14.182877540588379,0.26466551423072817,7.405783176422119],"AAnimation":{"Name":"WalkAnim","Weight":0},"CCFrame":[143.02120971679688,-4.406440734863281,-241.7698974609375,-0.46720096468925478,-7.113926869806164e-8,-0.8841511607170105,-2.4082011051973496e-8,1,-6.773516503244537e-8,0.8841511607170105,-1.0353798707285478e-8,-0.46720096468925478],"CCameraCFrame":[133.0630645751953,4.49258279800415,-245.0511474609375,-0.4672005772590637,0.523741602897644,-0.7123330235481262,0,0.8056687116622925,0.5923663973808289,0.8841514587402344,0.2767539322376251,-0.37640881538391116],"time":0.0821235179901123},{"ShiftLock":true,"VVelocity":[14.147148132324219,0.14577975869178773,7.473836898803711],"AAnimation":{"Name":"WalkAnim","Weight":0},"CCFrame":[143.25706481933595,-4.403356552124023,-241.64547729492188,-0.47440728545188906,-2.28941473778832e-7,-0.8803054690361023,-7.016365088929888e-8,1,-2.2225844986678568e-7,0.8803054690361023,-4.367558403828298e-8,-0.47440728545188906],"CCameraCFrame":[133.34556579589845,4.528951168060303,-244.99627685546876,-0.4744071960449219,0.5236334204673767,-0.7076341509819031,0,0.8038507103919983,0.5948313474655151,0.8803056478500366,0.28219226002693179,-0.3813524544239044],"time":0.10012698173522949},{"ShiftLock":true,"VVelocity":[14.08612060546875,0.07979018241167069,7.588206768035889],"AAnimation":{"Name":"WalkAnim","Weight":0},"CCFrame":[143.49195861816407,-4.401665210723877,-241.51925659179688,-0.48301321268081667,-1.0138397499304119e-7,-0.8756130933761597,-2.8715145816704536e-8,1,-9.994617755637592e-8,0.8756130933761597,-2.31319638999139e-8,-0.48301321268081667],"CCameraCFrame":[133.65757751464845,4.599573135375977,-244.94223022460938,-0.48301300406455996,0.5255731344223023,-0.7003365755081177,1.4901159417490817e-8,0.7998241186141968,0.6002343893051148,0.8756131529808044,0.28992101550102236,-0.38632550835609438],"time":0.11600661277770996},{"ShiftLock":true,"VVelocity":[14.013833999633789,0.05079638212919235,7.720825672149658],"AAnimation":{"Name":"WalkAnim","Weight":0},"CCFrame":[143.66726684570313,-4.40092134475708,-241.42298889160157,-0.4915718734264374,-5.884810860834477e-9,-0.8708370327949524,3.244929436263533e-9,1,-8.589353228671826e-9,0.8708370327949524,-7.048089223360421e-9,-0.4915718734264374],"CCameraCFrame":[133.97352600097657,4.674559593200684,-244.88267517089845,-0.49157172441482546,0.5278126001358032,-0.6926551461219788,0,0.7953900098800659,0.6060979962348938,0.8708370923995972,0.2979406416416168,-0.3909912705421448],"time":0.13172388076782227},{"ShiftLock":true,"VVelocity":[13.93498420715332,0.02783578261733055,7.862293720245361],"AAnimation":{"Name":"WalkAnim","Weight":0},"CCFrame":[143.89968872070313,-4.400331497192383,-241.29225158691407,-0.4993766248226166,8.065158141334905e-8,-0.8663850426673889,3.172306861642937e-8,1,7.480487340671971e-8,0.8663850426673889,9.871410355799526e-9,-0.4993766248226166],"CCameraCFrame":[134.23605346679688,4.76029634475708,-244.83917236328126,-0.4993765354156494,0.5310051441192627,-0.6845850348472595,1.4901161193847657e-8,0.7901625633239746,0.6128973960876465,0.8663851022720337,0.3060665726661682,-0.3945886492729187],"time":0.1481637954711914},{"ShiftLock":true,"VVelocity":[13.862700462341309,0.013199858367443085,7.989077568054199],"AAnimation":{"Name":"WalkAnim","Weight":0},"CCFrame":[144.18865966796876,-4.399951934814453,-241.1260986328125,-0.5050267577171326,8.59167528233229e-8,-0.8631036877632141,3.040008778043557e-8,1,8.175598509296833e-8,0.8631036877632141,1.5050531487759146e-8,-0.5050267577171326],"CCameraCFrame":[134.53164672851563,4.821247577667236,-244.74618530273438,-0.5050266981124878,0.5331618785858154,-0.6787388324737549,0,0.7863931655883789,0.6177263259887695,0.8631037473678589,0.31196829676628115,-0.39714953303337099],"time":0.1653292179107666},{"ShiftLock":true,"VVelocity":[13.810707092285157,0.0073890043422579769,8.078619956970215],"AAnimation":{"Name":"WalkAnim","Weight":0},"CCFrame":[144.4189453125,-4.399796009063721,-240.9916534423828,-0.5106561779975891,6.229576143823579e-8,-0.8597850203514099,1.9464836853444468e-8,1,6.089420168109427e-8,0.8597850203514099,1.4360426625614764e-8,-0.5106561779975891],"CCameraCFrame":[134.87603759765626,4.869709491729736,-244.62179565429688,-0.5106560587882996,0.5344191789627075,-0.6735180616378784,0,0.7833564281463623,0.6215729117393494,0.8597851991653442,0.3174099624156952,-0.4000256359577179],"time":0.18192005157470704},{"ShiftLock":true,"VVelocity":[13.7576322555542,0.004213642328977585,8.168680191040039],"AAnimation":{"Name":"WalkAnim","Weight":0},"CCFrame":[144.6483612060547,-4.399707794189453,-240.85568237304688,-0.5155644416809082,3.8711913674660539e-8,-0.856850802898407,8.419910102475115e-9,1,4.011305776430163e-8,0.856850802898407,1.346626010700902e-8,-0.5155644416809082],"CCameraCFrame":[135.15509033203126,4.911783695220947,-244.5233154296875,-0.5155643820762634,0.5354686975479126,-0.6689293384552002,1.4901162970204497e-8,0.7806835770606995,0.6249263882637024,0.8568508625030518,0.3221897780895233,-0.4024926424026489],"time":0.19976449012756349},{"ShiftLock":true,"VVelocity":[13.710562705993653,0.0024743019603192808,8.247441291809082],"AAnimation":{"Name":"WalkAnim","Weight":0},"CCFrame":[144.87696838378907,-4.399655818939209,-240.71841430664063,-0.5204553008079529,1.515364722592949e-8,-0.8538889288902283,-2.7341189312579674e-9,1,1.9413102236853775e-8,0.8538889288902283,1.2438285956761775e-8,-0.5204553008079529],"CCameraCFrame":[135.42532348632813,4.941729545593262,-244.4277801513672,-0.5204551815986633,0.5356574058532715,-0.6649793982505798,0,0.7787656784057617,0.6273149847984314,0.8538890480995178,0.32648932933807375,-0.40531259775161745],"time":0.2156383991241455},{"ShiftLock":true,"VVelocity":[13.663179397583008,0.0015313249314203859,8.325703620910645],"AAnimation":{"Name":"WalkAnim","Weight":0},"CCFrame":[145.10479736328126,-4.399624824523926,-240.57981872558595,-0.5246343016624451,-8.368070680830897e-9,-0.8513277173042297,-1.3979851942735877e-8,1,-1.2142926664182597e-9,0.8513277173042297,1.126437609855202e-8,-0.5246343016624451],"CCameraCFrame":[135.683837890625,4.959660530090332,-244.32810974121095,-0.5246342420578003,0.5352683663368225,-0.6620021462440491,-1.4901161193847657e-8,0.7776113748550415,0.6287453174591065,0.8513277769088745,0.3298613131046295,-0.40796151757240298],"time":0.2327418327331543},{"ShiftLock":true,"VVelocity":[13.622074127197266,0.0010293188970535994,8.392793655395508],"AAnimation":{"Name":"WalkAnim","Weight":0},"CCFrame":[145.33192443847657,-4.399604320526123,-240.44007873535157,-0.5281070470809937,-3.1854536786113388e-8,-0.8491778373718262,-2.5300058936750248e-8,1,-2.1778001624284117e-8,0.8491778373718262,9.983133431035185e-9,-0.5281070470809937],"CCameraCFrame":[135.93875122070313,4.977540016174316,-244.21939086914063,-0.5281071066856384,0.5351291298866272,-0.6593479514122009,-1.4901162970204497e-8,0.7764545679092407,0.6301732063293457,0.8491778373718262,0.33279895782470705,-0.4100511372089386],"time":0.248121976852417},{"ShiftLock":true,"VVelocity":[13.587539672851563,0.0007543377578258514,8.448586463928223],"AAnimation":{"Name":"WalkAnim","Weight":0},"CCFrame":[145.55845642089845,-4.399589538574219,-240.29937744140626,-0.5315713882446289,-5.531556368509882e-8,-0.847013533115387,-3.6694434157880099e-8,1,-4.2277783052213638e-8,0.847013533115387,8.60702353833176e-9,-0.5315713882446289],"CCameraCFrame":[136.19720458984376,5.001321315765381,-244.10679626464845,-0.5315715074539185,0.5353752970695496,-0.65635746717453,1.4901162970204497e-8,0.7749080657958984,0.6320740580558777,0.847013533115387,0.33599257469177248,-0.411918967962265],"time":0.2665112018585205},{"ShiftLock":true,"VVelocity":[13.552911758422852,0.0005986819742247462,8.504023551940918],"AAnimation":{"Name":"WalkAnim","Weight":0},"CCFrame":[145.78440856933595,-4.399578094482422,-240.1577606201172,-0.5364060997962952,-7.876439411802494e-8,-0.8439600467681885,-4.819601429062459e-8,1,-6.269462460295472e-8,0.8439600467681885,7.045731997834537e-9,-0.5364060997962952],"CCameraCFrame":[136.47352600097657,5.042799949645996,-244.0000457763672,-0.5364060997962952,0.5362447500228882,-0.6516978740692139,0,0.772190511226654,0.6353911757469177,0.8439600467681885,0.34082770347595217,-0.41420766711235049],"time":0.2823801040649414},{"ShiftLock":true,"VVelocity":[13.504339218139649,0.0005272321286611259,8.58094596862793],"AAnimation":{"Name":"WalkAnim","Weight":0},"CCFrame":[146.00958251953126,-4.399568557739258,-240.01490783691407,-0.5412219762802124,-1.0218392532124199e-7,-0.8408797383308411,-5.980420070272885e-8,1,-8.302801290938078e-8,0.8408797383308411,5.35155431080625e-9,-0.5412219762802124],"CCameraCFrame":[136.75772094726563,5.095909595489502,-243.8865203857422,-0.5412222146987915,0.5378594398498535,-0.6463635563850403,1.4901161193847657e-8,0.7686755061149597,0.6396390199661255,0.8408796787261963,0.3461868464946747,-0.41602420806884768],"time":0.29907989501953127},{"ShiftLock":true,"VVelocity":[13.455066680908204,0.0004556207568384707,8.657999038696289],"AAnimation":{"Name":"WalkAnim","Weight":0},"CCFrame":[146.23394775390626,-4.39955997467041,-239.87075805664063,-0.5487551689147949,-1.2558844275645243e-7,-0.8359830975532532,-7.158452319799835e-8,1,-1.032390031241448e-7,0.8359830975532532,3.1905182940050737e-9,-0.5487551689147949],"CCameraCFrame":[137.06198120117188,5.160484313964844,-243.79493713378907,-0.5487549901008606,0.539045512676239,-0.6389818787574768,0,0.7643477320671082,0.6448042392730713,0.8359832167625427,0.35383954644203188,-0.4194396436214447],"time":0.31530022621154787},{"ShiftLock":true,"VVelocity":[13.377300262451172,0.00044593261554837227,8.777666091918946],"AAnimation":{"Name":"WalkAnim","Weight":0},"CCFrame":[146.45709228515626,-4.399552345275879,-239.72471618652345,-0.5555658936500549,-7.81825804097025e-8,-0.8314725160598755,-4.375856121896504e-8,1,-6.479085357113945e-8,0.8314725160598755,3.884540744625298e-10,-0.5555658936500549],"CCameraCFrame":[137.3628692626953,5.22469425201416,-243.69345092773438,-0.5555657744407654,0.540407657623291,-0.6319068074226379,-1.4901162970204497e-8,0.7599851489067078,0.6499403715133667,0.831472635269165,0.36108464002609255,-0.42222172021865847],"time":0.3319427967071533},{"ShiftLock":true,"VVelocity":[13.30501937866211,0.00036293771700002253,8.886849403381348],"AAnimation":{"Name":"WalkAnim","Weight":0},"CCFrame":[146.6790008544922,-4.3995466232299809,-239.5768280029297,-0.5616636872291565,-3.079611587963882e-8,-0.8273656368255615,-1.5674711306701284e-8,1,-2.6580993406355448e-8,0.8273656368255615,-1.9608610291044217e-9,-0.5616636872291565],"CCameraCFrame":[137.6556854248047,5.282745361328125,-243.58447265625,-0.5616636872291565,0.5415801405906677,-0.6254796385765076,-1.4901161193847657e-8,0.7559893727302551,0.6545838117599487,0.8273656368255615,0.3676559627056122,-0.42461177706718447],"time":0.34892725944519045},{"ShiftLock":true,"VVelocity":[13.239178657531739,0.0002729996922425926,8.98464584350586],"AAnimation":{"Name":"WalkAnim","Weight":0},"CCFrame":[146.89979553222657,-4.399542331695557,-239.4272918701172,-0.5684021711349487,1.6567637928233127e-8,-0.8227508664131165,1.2695998918843543e-8,1,1.1365778540550764e-8,0.8227508664131165,-3.985310748078064e-9,-0.5684021711349487],"CCameraCFrame":[137.9591064453125,5.351998329162598,-243.4739990234375,-0.568402111530304,0.543117344379425,-0.6180150508880615,-1.4901162970204497e-8,0.7511569857597351,0.6601235866546631,0.822750985622406,0.37521564960479739,-0.42695918679237368],"time":0.36497044563293459},{"ShiftLock":true,"VVelocity":[13.165501594543457,0.0002716272138059139,9.092262268066407],"AAnimation":{"Name":"WalkAnim","Weight":0},"CCFrame":[147.119384765625,-4.399538516998291,-239.27598571777345,-0.573765754699707,6.389958429053877e-8,-0.8190194368362427,4.128958153160056e-8,1,4.9094115439629607e-8,0.8190194368362427,-5.64844881978388e-9,-0.573765754699707],"CCameraCFrame":[138.24710083007813,5.409369945526123,-243.3522491455078,-0.573765754699707,0.5444128513336182,-0.6118884682655335,2.9802322387695315e-8,0.7470988035202026,0.6647129654884338,0.8190194368362427,0.3813894987106323,-0.42865970730781557],"time":0.382580041885376},{"ShiftLock":true,"VVelocity":[13.105521202087403,0.000005284642611513846,9.178511619567871],"AAnimation":{"Name":"WalkAnim","Weight":0},"CCFrame":[147.33795166015626,-4.399538040161133,-239.12319946289063,-0.579105794429779,1.1120097553884989e-7,-0.8152523636817932,7.010446267941006e-8,1,8.660271788585305e-8,0.8152523636817932,-7.000692470171543e-9,-0.579105794429779],"CCameraCFrame":[138.53416442871095,5.466424465179443,-243.2278289794922,-0.5791056752204895,0.5456297993659973,-0.6057431101799011,0,0.7430129051208496,0.669277012348175,0.8152525424957275,0.38758212327957156,-0.43028298020362856],"time":0.39843225479125979},{"ShiftLock":true,"VVelocity":[13.045255661010743,3.6910890344188377e-8,9.26396656036377],"AAnimation":{"Name":"WalkAnim","Weight":0},"CCFrame":[147.5554962158203,-4.399538040161133,-238.96897888183595,-0.5817657709121704,8.471769064044565e-8,-0.813356339931488,5.2899885361057389e-8,1,6.632068050294038e-8,0.813356339931488,-4.443354129080035e-9,-0.5817657709121704],"CCameraCFrame":[138.794921875,5.506174087524414,-243.0821533203125,-0.5817657113075256,0.546947181224823,-0.601994514465332,0,0.7401361465454102,0.6724569797515869,0.8133563995361328,0.3912124037742615,-0.4305858612060547],"time":0.4154636859893799},{"ShiftLock":true,"VVelocity":[13.014326095581055,3.6910890344188377e-8,9.30737590789795],"AAnimation":{"Name":"WalkAnim","Weight":0},"CCFrame":[147.77247619628907,-4.399538040161133,-238.81394958496095,-0.5850827693939209,5.825222615385428e-8,-0.810973584651947,3.562739436802076e-8,1,4.612634896261625e-8,0.810973584651947,-1.905144042524398e-9,-0.5850827693939209],"CCameraCFrame":[139.06640625,5.557051658630371,-242.9355926513672,-0.5850827097892761,0.5486456751823425,-0.5972152948379517,0,0.7364176511764526,0.6765271425247192,0.8109736442565918,0.3958243429660797,-0.43086525797843935],"time":0.432995080947876},{"ShiftLock":true,"VVelocity":[12.976343154907227,-3.2699999809265138,9.360255241394043],"AAnimation":{"Name":"WalkAnim","Weight":0},"CCFrame":[147.98883056640626,-4.433600425720215,-238.65806579589845,-0.5883903503417969,3.179925656127125e-8,-0.8085770010948181,1.8287403591443764e-8,1,2.6019938204058236e-8,0.8085770010948181,5.231065025590453e-10,-0.5883903503417969],"CCameraCFrame":[139.3374786376953,5.607673645019531,-242.78768920898438,-0.5883903503417969,0.5502988696098328,-0.5924254655838013,-1.4901161193847657e-8,0.73267662525177,0.6805769205093384,0.8085770606994629,0.400444895029068,-0.4310998022556305],"time":0.4485304355621338},{"ShiftLock":true,"VVelocity":[12.938006401062012,-0.3939966559410095,9.413177490234375],"AAnimation":{"Name":"WalkAnim","Weight":0},"CCFrame":[148.2045440673828,-4.465882778167725,-238.5012969970703,-0.5916875600814819,5.359214849676164e-9,-0.8061673641204834,8.803437423487992e-10,1,6.0016400738049928e-9,0.8061673641204834,2.841391344432509e-9,-0.5916875600814819],"CCameraCFrame":[139.6038360595703,5.618393898010254,-242.6414794921875,-0.5916876196861267,0.551547110080719,-0.587963879108429,0,0.7293323278427124,0.6841595768928528,0.8061673641204834,0.40480875968933108,-0.43153688311576846],"time":0.46559858322143557},{"ShiftLock":true,"VVelocity":[12.899456024169922,0.34098610281944277,9.465937614440918],"AAnimation":{"Name":"WalkAnim","Weight":0},"CCFrame":[148.41961669921876,-4.4624223709106449,-238.34364318847657,-0.5956317782402039,-2.106981433769306e-8,-0.8032576441764832,-1.6609657649269139e-8,1,-1.391406101447501e-8,0.8032576441764832,5.054177076857513e-9,-0.5956317782402039],"CCameraCFrame":[139.88137817382813,5.641798496246338,-242.4944610595703,-0.5956316590309143,0.5531349182128906,-0.5824643969535828,0,0.7251276969909668,0.6886144876480103,0.8032577037811279,0.4101606011390686,-0.4319089949131012],"time":0.48208045959472659},{"ShiftLock":true,"VVelocity":[12.853059768676758,0.2734904885292053,9.528837203979493],"AAnimation":{"Name":"WalkAnim","Weight":0},"CCFrame":[148.63392639160157,-4.457211494445801,-238.18496704101563,-0.5989077091217041,-4.748276438704124e-8,-0.8008180260658264,-3.416585059312638e-8,1,-3.374121249066775e-8,0.8008180260658264,7.1527557210515628e-9,-0.5989077091217041],"CCameraCFrame":[140.14671325683595,5.689576148986816,-242.34544372558595,-0.5989078879356384,0.5542941093444824,-0.5779857039451599,0,0.721744179725647,0.69215989112854,0.8008180260658264,0.41454002261161806,-0.4322582185268402],"time":0.4990565776824951},{"ShiftLock":true,"VVelocity":[12.813878059387207,0.1627970188856125,9.581463813781739],"AAnimation":{"Name":"WalkAnim","Weight":0},"CCFrame":[148.84756469726563,-4.453848361968994,-238.025390625,-0.6021731495857239,-7.388150180531739e-8,-0.7983654737472534,-5.17877900563235e-8,1,-5.347961717916405e-8,0.7983654737472534,9.141595924688773e-9,-0.6021731495857239],"CCameraCFrame":[140.42413330078126,5.7553815841674809,-242.18528747558595,-0.6021732687950134,0.5564666390419006,-0.5724789500236511,0,0.7170637845993042,0.6970074772834778,0.7983653545379639,0.41971927881240847,-0.431796669960022],"time":0.5160870552062988},{"ShiftLock":true,"VVelocity":[12.774638175964356,0.09083309769630432,9.633718490600586],"AAnimation":{"Name":"WalkAnim","Weight":0},"CCFrame":[149.06056213378907,-4.451933860778809,-237.8649444580078,-0.6047788262367249,-1.0025834740190476e-7,-0.7963934540748596,-6.945900565824559e-8,1,-7.314350369824752e-8,0.7963934540748596,1.1081057849082754e-8,-0.6047788262367249],"CCameraCFrame":[140.6892547607422,5.808032512664795,-242.02337646484376,-0.6047788858413696,0.5582323670387268,-0.5679956674575806,0,0.713209867477417,0.7009505033493042,0.7963934540748596,0.42392006516456606,-0.4313342571258545],"time":0.5320286750793457},{"ShiftLock":true,"VVelocity":[12.742936134338379,0.049799300730228427,9.675616264343262],"AAnimation":{"Name":"WalkAnim","Weight":0},"CCFrame":[149.2730255126953,-4.450878620147705,-237.70376586914063,-0.6086742281913757,-1.0930411775689208e-7,-0.7934202551841736,-7.530277912337624e-8,1,-7.99945070184549e-8,0.7934202551841736,1.105615776708646e-8,-0.6086742281913757],"CCameraCFrame":[140.95181274414063,5.84809684753418,-241.87994384765626,-0.6086743474006653,0.5585697293281555,-0.5634850263595581,0,0.7101975679397583,0.7040024399757385,0.7934201955795288,0.4285082221031189,-0.43227899074554446],"time":0.5490188598632813},{"ShiftLock":true,"VVelocity":[12.695676803588868,0.02717108093202114,9.737540245056153],"AAnimation":{"Name":"WalkAnim","Weight":0},"CCFrame":[149.48471069335938,-4.4503021240234379,-237.54161071777345,-0.6106168627738953,-6.63415917756538e-8,-0.7919262051582336,-4.5355093902799129e-8,1,-4.8801275909227118e-8,0.7919262051582336,6.119005746541006e-9,-0.6106168627738953],"CCameraCFrame":[141.19552612304688,5.8762993812561039,-241.72215270996095,-0.6106168031692505,0.5592378973960877,-0.5607138872146606,0,0.7080380320549011,0.7061742544174194,0.7919262051582336,0.43120187520980837,-0.4323399066925049],"time":0.5664699077606201},{"ShiftLock":true,"VVelocity":[12.671310424804688,0.0148091996088624,9.769229888916016],"AAnimation":{"Name":"WalkAnim","Weight":0},"CCFrame":[149.69595336914063,-4.449987888336182,-237.37884521484376,-0.61126309633255,-2.339402094264642e-8,-0.7914274334907532,-1.5407584541549114e-8,1,-1.76591470335552e-8,0.7914274334907532,1.3996007686145618e-9,-0.61126309633255],"CCameraCFrame":[141.42762756347657,5.898540496826172,-241.5533447265625,-0.6112631559371948,0.5602574348449707,-0.558989405632019,0,0.7063053846359253,0.7079074382781982,0.791427493095398,0.4327177405357361,-0.43173840641975405],"time":0.5818068981170654},{"ShiftLock":true,"VVelocity":[12.663006782531739,0.008067156188189984,9.779993057250977],"AAnimation":{"Name":"WalkAnim","Weight":0},"CCFrame":[149.9070281982422,-4.449816703796387,-237.2158660888672,-0.6132000684738159,1.9518415328434459e-8,-0.78992760181427,1.4590435526429247e-8,1,1.338294719488431e-8,0.78992760181427,-3.3189639925268468e-9,-0.6132000684738159],"CCameraCFrame":[141.670166015625,5.925856113433838,-241.39366149902345,-0.6132002472877502,0.560901939868927,-0.5562145113945007,-1.4901162970204497e-8,0.7041336297988892,0.7100675106048584,0.78992760181427,0.43541356921195986,-0.4317748546600342],"time":0.5988874435424805},{"ShiftLock":true,"VVelocity":[12.639318466186524,0.004391726106405258,9.810585975646973],"AAnimation":{"Name":"WalkAnim","Weight":0},"CCFrame":[150.11773681640626,-4.449723243713379,-237.0524139404297,-0.6157779693603516,6.240824745873397e-8,-0.7879197597503662,4.466397740543471e-8,1,4.4300392687546267e-8,0.7879197597503662,-7.912425381562116e-9,-0.6157779693603516],"CCameraCFrame":[141.92877197265626,5.969058990478516,-241.2300262451172,-0.6157779097557068,0.5621886253356934,-0.5520521402359009,-2.9802318834981635e-8,0.7006450891494751,0.7135100364685059,0.7879197001457214,0.4393637478351593,-0.4314417541027069],"time":0.6158552169799805},{"ShiftLock":true,"VVelocity":[12.607361793518067,0.0023978303652256729,9.851618766784668],"AAnimation":{"Name":"WalkAnim","Weight":0},"CCFrame":[150.32794189453126,-4.449672698974609,-236.8883056640625,-0.6183496117591858,1.0527623572897937e-7,-0.7859031558036804,7.481262542796685e-8,1,7.5093069540344e-8,0.7859031558036804,-1.236170632523681e-8,-0.6183496117591858],"CCameraCFrame":[142.19139099121095,6.017303466796875,-241.0621337890625,-0.6183496117591858,0.5637772679328919,-0.5475391149520874,1.4901162970204497e-8,0.6967005729675293,0.7173621654510498,0.78590327501297,0.44358062744140627,-0.43080446124076846],"time":0.632436990737915},{"ShiftLock":true,"VVelocity":[12.575101852416993,0.42310741543769839,9.8927640914917],"AAnimation":{"Name":"WalkAnim","Weight":0},"CCFrame":[150.53759765625,-4.443558216094971,-236.72352600097657,-0.6215535998344421,7.910846733238941e-8,-0.78337162733078,5.60991608722361e-8,1,5.647362044669535e-8,0.78337162733078,-8.845108645516575e-9,-0.6215535998344421],"CCameraCFrame":[142.44821166992188,6.054616928100586,-240.9064178466797,-0.6215535402297974,0.564296543598175,-0.5433605313301086,0,0.6936178207397461,0.7203431725502014,0.7833718061447144,0.4477318525314331,-0.43112054467201235],"time":0.6481785774230957},{"ShiftLock":true,"VVelocity":[12.534760475158692,0.29708656668663027,9.943824768066407],"AAnimation":{"Name":"WalkAnim","Weight":0},"CCFrame":[150.74659729003907,-4.437703609466553,-236.5579071044922,-0.6247479915618897,5.294895899510266e-8,-0.7808264493942261,3.7325865065440669e-8,1,3.794659164668701e-8,0.7808264493942261,-5.437965633348085e-9,-0.6247479915618897],"CCameraCFrame":[142.70455932617188,6.097827434539795,-240.74961853027345,-0.6247478723526001,0.5647803544998169,-0.5391783714294434,2.9802322387695315e-8,0.6905226707458496,0.7233108282089233,0.7808266282081604,0.4518868625164032,-0.4314025044441223],"time":0.6667740345001221},{"ShiftLock":true,"VVelocity":[12.494046211242676,0.5941057205200195,9.994935035705567],"AAnimation":{"Name":"WalkAnim","Weight":0},"CCFrame":[150.95492553710938,-4.428029537200928,-236.3914337158203,-0.6292027235031128,2.6806594277672958e-8,-0.7772412300109863,1.8463065742935215e-8,1,1.9542946816386576e-8,0.7772412300109863,-2.053780701061214e-9,-0.6292027235031128],"CCameraCFrame":[142.97555541992188,6.151134014129639,-240.59727478027345,-0.6292027235031128,0.565137505531311,-0.5335949063301086,0,0.6865241527557373,0.7271069884300232,0.7772412300109863,0.4574976861476898,-0.43196284770965578],"time":0.6815910339355469},{"ShiftLock":true,"VVelocity":[12.43701171875,0.8136425614356995,10.065813064575196],"AAnimation":{"Name":"WalkAnim","Weight":0},"CCFrame":[151.16233825683595,-4.414085388183594,-236.22381591796876,-0.6323717832565308,6.645413663797228e-10,-0.7746649980545044,-4.585488100339319e-10,1,1.232164481557163e-9,0.7746649980545044,1.1344077899266836e-9,-0.6323717832565308],"CCameraCFrame":[143.2220458984375,6.187048435211182,-240.4448699951172,-0.6323716640472412,0.5648907423019409,-0.5300987362861633,0,0.6842941045761108,0.7292062640190125,0.7746652364730835,0.461129367351532,-0.4327281415462494],"time":0.6986455917358398},{"ShiftLock":true,"VVelocity":[12.39548110961914,0.5205175280570984,10.116915702819825],"AAnimation":{"Name":"WalkAnim","Weight":0},"CCFrame":[151.3690185546875,-4.403558254241943,-236.0552978515625,-0.6367908120155335,-2.546982713624857e-8,-0.7710366249084473,-1.9468288314783423e-8,1,-1.6954578185846004e-8,0.7710366249084473,4.214244953004709e-9,-0.6367908120155335],"CCameraCFrame":[143.49594116210938,6.253223419189453,-240.28573608398438,-0.6367907524108887,0.5654664635658264,-0.5241613984107971,1.4901161193847657e-8,0.6798138618469238,0.7333846688270569,0.7710366249084473,0.46701258420944216,-0.43289920687675478],"time":0.7159128189086914},{"ShiftLock":true,"VVelocity":[12.337750434875489,0.717484712600708,10.187233924865723],"AAnimation":{"Name":"WalkAnim","Weight":0},"CCFrame":[151.5747833251953,-4.391275882720947,-235.8856658935547,-0.643067479133606,-5.160893579159165e-8,-0.7658094763755798,-3.860956354628797e-8,1,-3.4970028650604948e-8,0.7658094763755798,7.079481889604722e-9,-0.643067479133606],"CCameraCFrame":[143.78350830078126,6.320805072784424,-240.13986206054688,-0.643067479133606,0.5651284456253052,-0.5168114900588989,2.9802322387695315e-8,0.674856424331665,0.7379490733146668,0.7658095359802246,0.4745510220527649,-0.43397822976112368],"time":0.7319238185882568},{"ShiftLock":true,"VVelocity":[12.254629135131836,0.8811119794845581,10.287065505981446],"AAnimation":{"Name":"WalkAnim","Weight":0},"CCFrame":[151.77920532226563,-4.37590217590332,-235.7144317626953,-0.649301290512085,-7.774824695161442e-8,-0.7605313062667847,-5.788085033486823e-8,1,-5.2813259543427196e-8,0.7605313062667847,9.728482019966123e-9,-0.649301290512085],"CCameraCFrame":[144.06166076660157,6.379453182220459,-239.9989471435547,-0.6493013501167297,0.5640543699264526,-0.5101474523544312,2.9802322387695315e-8,0.6707777976989746,0.7416583299636841,0.7605313062667847,0.48155972361564639,-0.4355368912220001],"time":0.7496340274810791},{"ShiftLock":true,"VVelocity":[12.17020320892334,0.5573274493217468,10.386809349060059],"AAnimation":{"Name":"WalkAnim","Weight":0},"CCFrame":[151.9822235107422,-4.364594459533691,-235.5415496826172,-0.6561083793640137,-1.0389343430006193e-7,-0.7546666860580444,-7.729506990017399e-8,1,-7.046752159567404e-8,0.7546666860580444,1.2097683743661492e-8,-0.6561083793640137],"CCameraCFrame":[144.3463134765625,6.446014404296875,-239.85769653320313,-0.6561084985733032,0.562795102596283,-0.5027756094932556,0,0.6662222146987915,0.745753288269043,0.7546666264533997,0.4892950654029846,-0.43711403012275698],"time":0.7656855583190918},{"ShiftLock":true,"VVelocity":[12.076555252075196,0.31573545932769778,10.495542526245118],"AAnimation":{"Name":"WalkAnim","Weight":0},"CCFrame":[152.1837158203125,-4.357972621917725,-235.3668670654297,-0.6622506976127625,-1.1230426366637403e-7,-0.7492823004722595,-8.362604830836062e-8,1,-7.596984374913518e-8,0.7492823004722595,1.234843693964649e-8,-0.6622506976127625],"CCameraCFrame":[144.61773681640626,6.498022079467773,-239.71505737304688,-0.6622507572174072,0.5612193942070007,-0.49644404649734499,-1.4901161193847657e-8,0.6625593900680542,0.7490093111991882,0.7492822408676148,0.4960319697856903,-0.43878045678138735],"time":0.782052755355835},{"ShiftLock":true,"VVelocity":[11.993159294128418,0.2020602971315384,10.590713500976563],"AAnimation":{"Name":"WalkAnim","Weight":0},"CCFrame":[152.3337860107422,-4.35501766204834,-235.23464965820313,-0.6677407026290894,-7.875960505998592e-8,-0.7443940043449402,-5.849049955486407e-8,1,-5.3336165706241448e-8,0.7443940043449402,7.925249789764166e-9,-0.6677407026290894],"CCameraCFrame":[144.8886260986328,6.550168514251709,-239.55984497070313,-0.6677407622337341,0.5602690577507019,-0.490123450756073,-1.4901161193847657e-8,0.6584194898605347,0.7526512742042542,0.7443939447402954,0.5025759339332581,-0.4396534860134125],"time":0.7980194091796875},{"ShiftLock":true,"VVelocity":[11.910917282104493,0.09497097134590149,10.683160781860352],"AAnimation":{"Name":"WalkAnim","Weight":0},"CCFrame":[152.5821075439453,-4.352278232574463,-235.01229858398438,-0.6744020581245422,-2.2821524225946633e-8,-0.7383643388748169,-1.629676127379298e-8,1,-1.6023193438741147e-8,0.7383643388748169,1.2268724924879849e-9,-0.6744020581245422],"CCameraCFrame":[145.11077880859376,6.593344688415527,-239.4618377685547,-0.6744021773338318,0.5581066012382507,-0.48342400789260867,1.4901161193847657e-8,0.6547229290008545,0.7558689713478088,0.7383642196655273,0.5097596645355225,-0.44154658913612368],"time":0.8157401084899902},{"ShiftLock":true,"VVelocity":[11.91031551361084,-3.1750292778015138,10.683837890625],"AAnimation":{"Name":"WalkAnim","Weight":0},"CCFrame":[152.7805938720703,-4.384757995605469,-234.83425903320313,-0.6822038292884827,2.192856562999168e-8,-0.7311620712280273,1.7740527269438645e-8,1,1.3438759438599846e-8,0.7311620712280273,-3.80322706661218e-9,-0.6822038292884827],"CCameraCFrame":[145.45533752441407,6.6559929847717289,-239.26841735839845,-0.6822039484977722,0.5561668872833252,-0.4746326506137848,1.4901161193847657e-8,0.6491484642028809,0.7606617212295532,0.7311619520187378,0.5189264416694641,-0.44285163283348086],"time":0.832676887512207},{"ShiftLock":true,"VVelocity":[11.910303115844727,-6.4450297355651859,10.68385124206543],"AAnimation":{"Name":"WalkAnim","Weight":0},"CCFrame":[152.9790802001953,-4.471737861633301,-234.65621948242188,-0.6899299025535584,6.669132091019492e-8,-0.7238761782646179,5.205943054420459e-8,1,4.2512741771361109e-8,0.7238761782646179,-8.353771008273725e-9,-0.6899299025535584],"CCameraCFrame":[145.74169921875,6.6730451583862309,-239.12551879882813,-0.6899300217628479,0.5534932017326355,-0.46652108430862429,-1.4901161193847657e-8,0.6444764137268066,0.7646242380142212,0.7238761186599731,0.5275372266769409,-0.44464361667633059],"time":0.8492059707641602},{"ShiftLock":true,"VVelocity":[11.910303115844727,-9.7150297164917,10.68385124206543],"AAnimation":{"Name":"WalkAnim","Weight":0},"CCFrame":[153.1775665283203,-4.613217353820801,-234.47817993164063,-0.6969916224479675,1.1145540668167087e-7,-0.7170792818069458,8.663209882797674e-8,1,7.122442724494249e-8,0.7170792818069458,-1.2479252298192023e-8,-0.6969916224479675],"CCameraCFrame":[146.02467346191407,6.635235786437988,-238.97535705566407,-0.6969917416572571,0.5511168837547302,-0.458773136138916,0,0.6397803425788879,0.7685579061508179,0.717079222202301,0.535678505897522,-0.44592157006263735],"time":0.8657653331756592},{"ShiftLock":true,"VVelocity":[11.910303115844727,-12.985030174255371,10.68385124206543],"AAnimation":{"Name":"WalkAnim","Weight":0},"CCFrame":[153.3760528564453,-4.809197425842285,-234.30014038085938,-0.7051453590393066,8.34028952567678e-8,-0.7090628147125244,6.486983750164654e-8,1,5.311268935770386e-8,0.7090628147125244,-8.544623675277308e-9,-0.7051453590393066],"CCameraCFrame":[146.30645751953126,6.532835960388184,-238.84327697753907,-0.7051454186439514,0.5471725463867188,-0.4509679973125458,-1.4901162970204497e-8,0.6360057592391968,0.7716842293739319,0.7090627551078796,0.5441495776176453,-0.44847655296325686],"time":0.8820466995239258},{"ShiftLock":true,"VVelocity":[11.910303115844727,-16.255029678344728,10.68385124206543],"AAnimation":{"Name":"WalkAnim","Weight":0},"CCFrame":[153.5745391845703,-5.0596771240234379,-234.12210083007813,-0.71206134557724,5.5318785996405498e-8,-0.7021172642707825,4.294983568797761e-8,1,3.523039282526952e-8,0.7021172642707825,-5.069620279130049e-9,-0.71206134557724],"CCameraCFrame":[146.5771484375,6.370855331420898,-238.702880859375,-0.71206134557724,0.5437225699424744,-0.44422340393066409,1.4901159417490817e-8,0.6326911449432373,0.7744042277336121,0.7021172642707825,0.5514233112335205,-0.45051491260528567],"time":0.8996610641479492},{"ShiftLock":true,"VVelocity":[11.910303115844727,51.364994049072269,10.68385124206543],"AAnimation":{"Name":"JumpAnim","Weight":0},"CCFrame":[153.7730255126953,-4.186562538146973,-233.94406127929688,-0.7200431823730469,2.7233346244770474e-8,-0.6939292550086975,2.084569494797961e-8,1,1.7614974368029835e-8,0.6939292550086975,-1.7818960751370128e-9,-0.7200431823730469],"CCameraCFrame":[146.85116577148438,6.149383544921875,-238.57662963867188,-0.7200433611869812,0.5389919877052307,-0.43706434965133669,1.4901162970204497e-8,0.629840075969696,0.7767248153686523,0.693929135799408,0.5592755675315857,-0.45351213216781618],"time":0.9156417846679688},{"ShiftLock":true,"VVelocity":[11.123628616333008,48.09498977661133,11.499174118041993],"AAnimation":{"Name":"JumpAnim","Weight":0},"CCFrame":[153.96063232421876,-3.36454176902771,-233.75473022460938,-0.7241474390029907,-8.732695122581902e-10,-0.6896451711654663,-1.357471135499111e-9,1,1.5912496320602544e-10,0.6896451711654663,1.0514034087805158e-9,-0.7241474390029907],"CCameraCFrame":[147.103515625,7.051366806030273,-238.41653442382813,-0.7245621681213379,0.5369178056716919,-0.4321214258670807,-2.9802322387695315e-8,0.626981258392334,0.7790343165397644,0.6892094612121582,0.5644587874412537,-0.45428693294525149],"time":0.9328100681304932},{"ShiftLock":true,"VVelocity":[11.032428741455079,45.642486572265628,11.58804702758789],"AAnimation":{"Name":"JumpAnim","Weight":0},"CCFrame":[154.0987091064453,-2.783792018890381,-233.61004638671876,-0.7280972003936768,-2.1955884221824819e-8,-0.6854739189147949,-1.807042693258154e-8,1,-1.2836165019791679e-8,0.6854739189147949,3.0408309203977525e-9,-0.7280972003936768],"CCameraCFrame":[147.3331756591797,7.89256477355957,-238.2478485107422,-0.7284904718399048,0.5347331166267395,-0.4282080829143524,1.4901161193847657e-8,0.6250702738761902,0.780568540096283,0.6850559711456299,0.5686367154121399,-0.45535773038864138],"time":0.9482603073120117},{"ShiftLock":true,"VVelocity":[10.962308883666993,42.37248229980469,11.65450668334961],"AAnimation":{"Name":"JumpAnim","Weight":0},"CCFrame":[154.28155517578126,-2.0571463108062746,-233.41595458984376,-0.7313706874847412,-5.005730585594392e-8,-0.6819801330566406,-4.041942602839299e-8,1,-3.005325410754267e-8,0.6819801330566406,5.585175433253653e-9,-0.7313706874847412],"CCameraCFrame":[147.50558471679688,8.487659454345704,-238.12246704101563,-0.7318392992019653,0.532721757888794,-0.42499271035194399,1.4901161193847657e-8,0.6236344575881958,0.7817160487174988,0.6814773082733154,0.5720905065536499,-0.45640018582344057],"time":0.9654362201690674},{"ShiftLock":true,"VVelocity":[10.904070854187012,38.284976959228519,11.70902156829834],"AAnimation":{"Name":"JumpAnim","Weight":0},"CCFrame":[154.5088653564453,-1.2254798412322999,-233.17214965820313,-0.7350994944572449,-8.517223193393875e-8,-0.6779592633247376,-6.844203426226159e-8,1,-5.141979286804599e-8,0.6779592633247376,8.602245138433773e-9,-0.7350994944572449],"CCameraCFrame":[147.73056030273438,9.233377456665039,-237.9483642578125,-0.7357236742973328,0.5304755568504334,-0.42107778787612917,-1.4901161193847657e-8,0.6217172145843506,0.783241868019104,0.67728191614151,0.5762495994567871,-0.4574120044708252],"time":0.9818453788757324},{"ShiftLock":true,"VVelocity":[10.840073585510254,35.83247375488281,11.768279075622559],"AAnimation":{"Name":"JumpAnim","Weight":0},"CCFrame":[154.6444854736328,-0.7673549056053162,-233.025146484375,-0.7392004132270813,-1.0626202850971822e-7,-0.6734855771064758,-8.531301887160225e-8,1,-6.414185804715089e-8,0.6734855771064758,1.0043399001347098e-8,-0.7392004132270813],"CCameraCFrame":[147.98794555664063,10.069805145263672,-237.7375030517578,-0.7395839691162109,0.5274285078048706,-0.4181324243545532,-1.4901159417490817e-8,0.6212369203567505,0.7836228013038635,0.6730642914772034,0.5795548558235169,-0.4594568908214569],"time":0.9986147880554199},{"ShiftLock":true,"VVelocity":[10.77043342590332,32.562469482421878,11.832056999206543],"AAnimation":{"Name":"JumpAnim","Weight":0},"CCFrame":[154.8241424560547,-0.20420950651168824,-232.8280792236328,-0.741917073726654,-1.343374975704137e-7,-0.670491635799408,-1.0786642690163717e-7,1,-8.09996123507517e-8,0.670491635799408,1.2228547952020108e-8,-0.741917073726654],"CCameraCFrame":[148.1422576904297,10.527929306030274,-237.61709594726563,-0.7423267960548401,0.5250570774078369,-0.41625240445137026,-1.4901161193847657e-8,0.6212369799613953,0.7836227416992188,0.6700380444526672,0.5817041397094727,-0.4611608386039734],"time":1.0147271156311036},{"ShiftLock":true,"VVelocity":[10.720977783203125,28.474973678588868,11.876893997192383],"AAnimation":{"Name":"JumpAnim","Weight":0},"CCFrame":[155.04762268066407,0.4230816066265106,-232.5807342529297,-0.7431623339653015,-1.6937319458065759e-7,-0.6691111922264099,-1.3609563609406906e-7,1,-1.0197416600021825e-7,0.6691111922264099,1.5279747245244836e-8,-0.7431623339653015],"CCameraCFrame":[148.32943725585938,11.09107494354