[{"ShiftLock":false,"VVelocity":[2.7487345732879477e-11,0.00005193880497245118,-2.518731889722403e-10],"AAnimation":{"Name":"Idle","Weight":0},"CCFrame":[133.97080993652345,-16.497568130493165,-203.06292724609376,-0.24903510510921479,-3.011956684062511e-9,-0.9684944748878479,-2.7494280629980495e-8,1,3.959840899625533e-9,0.9684944748878479,2.7614197151137888e-8,-0.24903510510921479],"CCameraCFrame":[109.81346893310547,-4.227560997009277,-209.274658203125,-0.24903513491153718,0.38391855359077456,-0.8891502022743225,0,0.9180746674537659,0.3964076042175293,0.9684944152832031,0.09871941804885864,-0.228632852435112],"time":0},{"ShiftLock":true,"VVelocity":[-0.3887132406234741,-1.6349480152130128,-1.1264864206314088],"AAnimation":{"Name":"Idle","Weight":0},"CCFrame":[133.9683837890625,-16.507787704467775,-203.06997680664063,0.9455615282058716,-1.7686465625388337e-9,0.3254433572292328,-1.3160877943008132e-9,1,9.258411814982992e-9,-0.3254433572292328,-9.182709703736691e-9,0.9455615282058716],"CCameraCFrame":[141.67092895507813,-7.043715953826904,-186.06646728515626,0.9455693960189819,-0.12808376550674439,0.2991539537906647,0,0.9192841053009033,0.39359453320503237,-0.3254205882549286,-0.37217095494270327,0.8692469000816345],"time":0.007020711898803711},{"ShiftLock":true,"VVelocity":[-1.2265517711639405,-0.6131055355072022,-3.5615012645721437],"AAnimation":{"Name":"FallAnim","Weight":0},"CCFrame":[133.96327209472657,-16.51034164428711,-203.08482360839845,0.9458319544792175,-1.4995579888932299e-8,0.32465657591819765,1.177099751004107e-8,1,1.1896248430787182e-8,-0.32465657591819765,-7.430319914902839e-9,0.9458319544792175],"CCameraCFrame":[141.6530303955078,-7.042557239532471,-186.07183837890626,0.9458349943161011,-0.1279623806476593,0.2983652353286743,0,0.9190429449081421,0.3941575884819031,-0.32464778423309328,-0.372808039188385,0.8692629337310791],"time":0.010271787643432618},{"ShiftLock":true,"VVelocity":[-2.8970234394073488,0.07529449462890625,-8.433319091796875],"AAnimation":{"Name":"FallAnim","Weight":0},"CCFrame":[133.94261169433595,-16.5107479095459,-203.14495849609376,0.9458321928977966,-4.145637433339289e-8,0.3246558904647827,3.793688918563021e-8,1,1.7170307842206968e-8,-0.3246558904647827,-3.923796398908053e-9,0.9458321928977966],"CCameraCFrame":[141.64791870117188,-7.045113563537598,-186.08668518066407,0.9458350539207459,-0.12796235084533692,0.2983652353286743,0,0.9190430045127869,0.3941574692726135,-0.32464778423309328,-0.37280794978141787,0.8692629337310791],"time":0.016323328018188478},{"ShiftLock":true,"VVelocity":[-3.7322592735290529,0.20555554330348969,-10.869227409362793],"AAnimation":{"Name":"FallAnim","Weight":0},"CCFrame":[133.92706298828126,-16.509891510009767,-203.19024658203126,0.9460992813110352,-5.467931174507612e-8,0.3238767981529236,5.101783173699914e-8,1,1.9795733052774268e-8,-0.3238767981529236,-2.2052355497237387e-9,0.9460992813110352],"CCameraCFrame":[141.61178588867188,-7.034142017364502,-186.14517211914063,0.9460999965667725,-0.1278400421142578,0.2975766062736511,0,0.9188013076782227,0.39472049474716189,-0.3238748610019684,-0.373445063829422,0.869277834892273],"time":0.02190423011779785},{"ShiftLock":true,"VVelocity":[-4.560426712036133,0.2654324769973755,-13.307548522949219],"AAnimation":{"Name":"FallAnim","Weight":0},"CCFrame":[133.90806579589845,-16.508785247802736,-203.24569702148438,0.946099579334259,-6.790267548240081e-8,0.32387593388557436,6.409599961898494e-8,1,2.2420566736514048e-8,-0.32387593388557436,-4.5293793715650568e-10,0.946099579334259],"CCameraCFrame":[141.5930633544922,-7.0105462074279789,-186.19972229003907,0.9460998773574829,-0.12820453941822053,0.297419935464859,7.450580596923828e-9,0.9183170199394226,0.3958457410335541,-0.3238750100135803,-0.3745096027851105,0.8688195943832398],"time":0.027992725372314454},{"ShiftLock":true,"VVelocity":[-5.0945916175842289,0.2793333828449249,-14.880247116088868],"AAnimation":{"Name":"FallAnim","Weight":0},"CCFrame":[133.86622619628907,-16.506439208984376,-203.36790466308595,0.9460996985435486,-9.434094749849464e-8,0.3238755464553833,9.024397229495662e-8,1,2.7668491497934157e-8,-0.3238755464553833,3.0506637216376477e-9,0.9460996985435486],"CCameraCFrame":[141.5692901611328,-6.975349426269531,-186.26910400390626,0.9460998773574829,-0.12875089049339295,0.2971838116645813,-7.450580596923828e-9,0.9175879955291748,0.39753270149230959,-0.32387498021125796,-0.3761056363582611,0.8681299090385437],"time":0.03480362892150879},{"ShiftLock":true,"VVelocity":[-5.169707775115967,0.23935917019844056,-15.101408004760743],"AAnimation":{"Name":"FallAnim","Weight":0},"CCFrame":[133.82322692871095,-16.504348754882814,-203.49349975585938,0.9463639855384827,-1.207703661521009e-7,0.32310250401496889,1.1638505981181879e-7,1,3.289278538431972e-8,-0.32310250401496889,6.475760372381956e-9,0.9463639855384827],"CCameraCFrame":[141.50881958007813,-6.938938140869141,-186.39906311035157,0.946364164352417,-0.12898829579353333,0.2962380051612854,7.450580596923828e-9,0.9168558716773987,0.39921844005584719,-0.32310205698013308,-0.37780603766441347,0.8676794767379761],"time":0.040482282638549808},{"ShiftLock":true,"VVelocity":[-5.169659614562988,0.2144821733236313,-15.126668930053711],"AAnimation":{"Name":"FallAnim","Weight":0},"CCFrame":[133.8016815185547,-16.503454208374025,-203.55653381347657,0.9463642239570618,-1.1550179124242277e-7,0.32310184836387637,1.1157437285191918e-7,1,3.067702536441175e-8,-0.32310184836387637,7.018247316636916e-9,0.9463642239570618],"CCameraCFrame":[141.4610137939453,-6.90280818939209,-186.53871154785157,0.9463641047477722,-0.1295325607061386,0.29600048065185549,0,0.9161205291748047,0.4009028673171997,-0.32310211658477785,-0.3794000744819641,0.8669835925102234],"time":0.04666447639465332},{"ShiftLock":true,"VVelocity":[-5.169643402099609,0.18984916806221009,-15.136141777038575],"AAnimation":{"Name":"FallAnim","Weight":0},"CCFrame":[133.78013610839845,-16.502662658691408,-203.61959838867188,0.9463641047477722,-1.1023433899026713e-7,0.3231021463871002,1.0676471617898642e-7,1,2.8461736079066214e-8,-0.3231021463871002,7.560744030854494e-9,0.9463641047477722],"CCameraCFrame":[141.43142700195313,-6.845242500305176,-186.6253204345703,0.946364164352417,-0.1304386556148529,0.29560232162475588,-7.450580596923828e-9,0.9148883819580078,0.40370720624923708,-0.32310211658477785,-0.38205403089523318,0.8658174276351929],"time":0.05224108695983887},{"ShiftLock":true,"VVelocity":[-5.169634819030762,0.14534664154052735,-15.141026496887207],"AAnimation":{"Name":"WalkAnim","Weight":0},"CCFrame":[133.73704528808595,-16.501361846923829,-203.7457733154297,0.946364164352417,-9.970280956395072e-8,0.3231019675731659,9.714847948316674e-8,1,2.4032575041132988e-8,-0.3231019675731659,8.645298699150317e-9,0.946364164352417],"CCameraCFrame":[141.400146484375,-6.77655029296875,-186.71688842773438,0.946364164352417,-0.13152430951595307,0.2951209247112274,7.450580596923828e-9,0.9133982062339783,0.4070672392845154,-0.3231021761894226,-0.3852338492870331,0.8644072413444519],"time":0.05978703498840332},{"ShiftLock":true,"VVelocity":[-5.1696343421936039,0.1262700855731964,-15.141526222229004],"AAnimation":{"Name":"WalkAnim","Weight":0},"CCFrame":[133.7154998779297,-16.500835418701173,-203.80886840820313,0.946364164352417,-9.443873238978995e-8,0.3231019675731659,9.234190656570718e-8,1,2.1818701512188455e-8,-0.3231019675731659,9.187413496647423e-9,0.946364164352417],"CCameraCFrame":[141.34396362304688,-6.684889793395996,-186.88140869140626,0.946364164352417,-0.1329689919948578,0.29447272419929507,0,0.9113923907279968,0.411538690328598,-0.32310205698013308,-0.38946548104286196,0.86250901222229],"time":0.06442761421203613},{"ShiftLock":true,"VVelocity":[-5.169632911682129,0.09449692815542221,-15.141783714294434],"AAnimation":{"Name":"WalkAnim","Weight":0},"CCFrame":[133.6724090576172,-16.49998664855957,-203.93505859375,0.9463641047477722,-8.391395311946326e-8,0.32310205698013308,8.27318373808339e-8,1,1.739237376341407e-8,-0.32310205698013308,1.0271308248377409e-8,0.9463641047477722],"CCameraCFrame":[141.31912231445313,-6.661805152893066,-186.95416259765626,0.9463642835617065,-0.13332954049110413,0.2943093180656433,0,0.9108874797821045,0.41265496611595156,-0.3231017589569092,-0.39052191376686098,0.8620312809944153],"time":0.07080483436584473},{"ShiftLock":true,"VVelocity":[-5.16963005065918,0.08156029880046845,-15.14181137084961],"AAnimation":{"Name":"WalkAnim","Weight":0},"CCFrame":[133.65086364746095,-16.49964714050293,-203.99815368652345,0.9463642835617065,-7.86532581287247e-8,0.323101669549942,7.792834821884753e-8,1,1.517992131994106e-8,-0.323101669549942,1.0813043793689303e-8,0.9463642835617065],"CCameraCFrame":[141.26107788085938,-6.559597015380859,-187.12413024902345,0.9463642835617065,-0.13495013117790223,0.2935697138309479,7.450581485102248e-9,0.9085984826087952,0.41767072677612307,-0.3231017291545868,-0.39526864886283877,0.8598650693893433],"time":0.07660031318664551},{"ShiftLock":true,"VVelocity":[-5.169628143310547,0.060543134808540347,-15.141825675964356],"AAnimation":{"Name":"WalkAnim","Weight":0},"CCFrame":[133.60777282714845,-16.499101638793947,-204.1243438720703,0.946364164352417,-6.813521480353302e-8,0.32310202717781069,6.832443233406593e-8,1,1.0756426860325519e-8,-0.32310202717781069,1.1896264417998737e-8,0.946364164352417],"CCameraCFrame":[141.22610473632813,-6.469371795654297,-187.22657775878907,0.946364164352417,-0.13638737797737122,0.2929050326347351,0,0.9065404534339905,0.4221186935901642,-0.3231019675731659,-0.399478018283844,0.8579174280166626],"time":0.08295440673828125},{"ShiftLock":true,"VVelocity":[-5.169630527496338,0.05210607498884201,-15.141826629638672],"AAnimation":{"Name":"WalkAnim","Weight":0},"CCFrame":[133.5862274169922,-16.498884201049806,-204.18743896484376,0.9463641047477722,-6.28778806799346e-8,0.32310208678245547,6.352401271669805e-8,1,8.54538750871825e-9,-0.32310208678245547,1.2437692653577415e-8,0.9463641047477722],"CCameraCFrame":[141.16943359375,-6.379144668579102,-187.39254760742188,0.946364164352417,-0.13782136142253877,0.29223328828811648,-7.450581485102248e-9,0.9044609069824219,0.4265565574169159,-0.323102205991745,-0.4036778509616852,0.8559492826461792],"time":0.08856582641601563},{"ShiftLock":true,"VVelocity":[-5.1696343421936039,0.03853382542729378,-15.141825675964356],"AAnimation":{"Name":"WalkAnim","Weight":0},"CCFrame":[133.5431365966797,-16.498537063598634,-204.31362915039063,0.9460998177528381,-5.235639832790184e-8,0.3238752484321594,5.392987034724683e-8,1,4.1168877196184898e-9,-0.3238752484321594,1.3571563428627087e-8,0.9460998177528381],"CCameraCFrame":[141.14952087402345,-6.300627708435059,-187.49696350097657,0.9460999965667725,-0.13940587639808656,0.2923370897769928,7.450580596923828e-9,0.9026235342025757,0.43043118715286257,-0.32387495040893557,-0.407230943441391,0.8539719581604004],"time":0.09639883041381836},{"ShiftLock":true,"VVelocity":[-5.177361965179443,0.03317484259605408,-15.13918399810791],"AAnimation":{"Name":"WalkAnim","Weight":0},"CCFrame":[133.5215606689453,-16.49839973449707,-204.376708984375,0.9458349347114563,-4.709132994662468e-8,0.32464799284935,4.913614759516349e-8,1,1.899431056884282e-9,-0.32464799284935,1.4155403960103286e-8,0.9458349347114563],"CCameraCFrame":[141.1009063720703,-6.17756462097168,-187.68515014648438,0.9458349943161011,-0.14170999825000764,0.2920863926410675,0,0.8997023701667786,0.4365037977695465,-0.32464781403541567,-0.41286057233810427,0.8509699702262878],"time":0.10151290893554688},{"ShiftLock":true,"VVelocity":[-5.187988758087158,0.02855546586215496,-15.135543823242188],"AAnimation":{"Name":"WalkAnim","Weight":0},"CCFrame":[133.49993896484376,-16.498281478881837,-204.4397735595703,0.9458349943161011,-4.183849355854363e-8,0.3246477246284485,4.434344802461965e-8,1,-3.175513463293811e-10,-0.3246477246284485,1.4696350802978486e-8,0.9458349943161011],"CCameraCFrame":[141.06875610351563,-6.110657691955566,-187.77902221679688,0.9458349943161011,-0.14278270304203034,0.29156363010406496,0,0.8980919122695923,0.43980786204338076,-0.3246479034423828,-0.41598567366600039,0.849446713924408],"time":0.10660099983215332},{"ShiftLock":true,"VVelocity":[-5.193469047546387,0.021131619811058046,-15.133666038513184],"AAnimation":{"Name":"WalkAnim","Weight":0},"CCFrame":[133.4566650390625,-16.498090744018556,-204.56588745117188,0.9455693364143372,-3.1324159266432619e-8,0.32542067766189577,3.476475285424385e-8,1,-4.757921168163648e-9,-0.32542067766189577,1.5812114284585733e-8,0.9455693364143372],"CCameraCFrame":[141.0518035888672,-6.054988861083984,-187.87408447265626,0.9455693960189819,-0.14401710033416749,0.2918178141117096,-7.450580596923828e-9,0.8967404961585999,0.442556768655777,-0.325420618057251,-0.4184681475162506,0.8479303121566773],"time":0.11394047737121582},{"ShiftLock":true,"VVelocity":[-5.201756954193115,0.01819353550672531,-15.130818367004395],"AAnimation":{"Name":"WalkAnim","Weight":0},"CCFrame":[133.43499755859376,-16.498014450073243,-204.62893676757813,0.9455694556236267,-2.6074692627275909e-8,0.3254203498363495,2.9976941817722039e-8,1,-6.97739332977676e-9,-0.3254203498363495,1.635271651423409e-8,0.9455694556236267],"CCameraCFrame":[140.9923858642578,-5.955021858215332,-188.04708862304688,0.9455694556236267,-0.1456238329410553,0.2910193204879761,7.450581485102248e-9,0.8942868709564209,0.44749417901039126,-0.325420618057251,-0.423136830329895,0.8456102013587952],"time":0.11999893188476563},{"ShiftLock":true,"VVelocity":[-5.206030368804932,0.013495927676558495,-15.129350662231446],"AAnimation":{"Name":"WalkAnim","Weight":0},"CCFrame":[133.39161682128907,-16.497894287109376,-204.7550048828125,0.945303201675415,-1.5565742472745116e-8,0.32619303464889529,2.0408013057249265e-8,1,-1.1422737422606133e-8,-0.32619303464889529,1.745490152416096e-8,0.945303201675415],"CCameraCFrame":[140.9733428955078,-5.888582229614258,-188.1478271484375,0.945303201675415,-0.14704068005084992,0.2911716103553772,1.4901161193847657e-8,0.8926360607147217,0.45077815651893618,-0.3261929750442505,-0.4261220395565033,0.8438116908073425],"time":0.12520861625671388},{"ShiftLock":true,"VVelocity":[-5.21419095993042,0.011625636368989945,-15.126538276672364],"AAnimation":{"Name":"WalkAnim","Weight":0},"CCFrame":[133.36988830566407,-16.497846603393556,-204.8180389404297,0.9453031420707703,-1.0319631371658034e-8,0.32619309425354006,1.562507989660844e-8,1,-1.3644698704240455e-8,-0.32619309425354006,1.799516979872351e-8,0.9453031420707703],"CCameraCFrame":[140.91900634765626,-5.822220802307129,-188.30564880371095,0.945303201675415,-0.1481100171804428,0.29062938690185549,0,0.8909732699394226,0.454056054353714,-0.326193243265152,-0.42922064661979678,0.8422397375106812],"time":0.13153839111328126},{"ShiftLock":true,"VVelocity":[-5.218401908874512,0.008657196536660195,-15.12508773803711],"AAnimation":{"Name":"WalkAnim","Weight":0},"CCFrame":[133.32640075683595,-16.49776840209961,-204.94407653808595,0.9453029036521912,1.6923723533679436e-10,0.32619380950927737,6.062285784480537e-9,1,-1.8087202846572837e-8,-0.32619380950927737,1.9075365287335445e-8,0.9453029036521912],"CCameraCFrame":[140.88624572753907,-5.756054878234863,-188.40069580078126,0.9453030824661255,-0.14917734265327454,0.290083110332489,1.4901161193847657e-8,0.8892982006072998,0.4573279321193695,-0.32619333267211916,-0.4323135018348694,0.8406562805175781],"time":0.13855910301208497},{"ShiftLock":true,"VVelocity":[-5.218833923339844,0.007454981561750174,-15.12493896484375],"AAnimation":{"Name":"WalkAnim","Weight":0},"CCFrame":[133.30465698242188,-16.497737884521486,-205.00709533691407,0.9450364112854004,5.427547300485003e-9,0.3269651234149933,1.2842372720811568e-9,1,-2.031164214599812e-8,-0.3269651234149933,1.961514151105348e-8,0.9450364112854004],"CCameraCFrame":[140.84500122070313,-5.689981460571289,-188.56509399414063,0.9450363516807556,-0.15059822797775269,0.29021817445755007,1.4901161193847657e-8,0.8876111507415772,0.46059367060661318,-0.32696545124053957,-0.4352777600288391,0.8388246893882752],"time":0.14372754096984864},{"ShiftLock":true,"VVelocity":[-5.229673862457275,0.005565878935158253,-15.121193885803223],"AAnimation":{"Name":"WalkAnim","Weight":0},"CCFrame":[133.26109313964845,-16.49768829345703,-205.1331024169922,0.9450362920761108,1.590968246034663e-8,0.3269655406475067,-8.268795426147335e-9,1,-2.475909788302033e-8,-0.3269655406475067,2.069463533871385e-8,0.9450362920761108],"CCameraCFrame":[140.81204223632813,-5.624085426330566,-188.66055297851563,0.9450362920761108,-0.15166394412517548,0.2896626591682434,1.4901162970204497e-8,0.8859121203422546,0.46385303139686587,-0.32696548104286196,-0.438357949256897,0.8372191190719605],"time":0.15005993843078614},{"ShiftLock":true,"VVelocity":[-5.2307820320129398,0.004802939482033253,-15.120810508728028],"AAnimation":{"Name":"WalkAnim","Weight":0},"CCFrame":[133.2393035888672,-16.497669219970704,-205.19610595703126,0.9447687864303589,2.1165970309766636e-8,0.3277375400066376,-1.3041963065063556e-8,1,-2.698601520023658e-8,-0.3277375400066376,2.1221204349330948e-8,0.9447687864303589],"CCameraCFrame":[140.7705078125,-5.558297157287598,-188.82537841796876,0.9447689056396484,-0.15308816730976106,0.28978589177131655,0,0.8842014074325562,0.46710607409477236,-0.3277374804019928,-0.44130730628967287,0.835365891456604],"time":0.15610408782958985},{"ShiftLock":true,"VVelocity":[-5.238917827606201,0.004175149369984865,-15.117992401123047],"AAnimation":{"Name":"WalkAnim","Weight":0},"CCFrame":[133.21746826171876,-16.497652053833009,-205.25909423828126,0.9445008039474487,2.6421561827305596e-8,0.3285091519355774,-1.7812290309393576e-8,1,-2.9216353780725514e-8,-0.3285091519355774,2.174336799498633e-8,0.9445008039474487],"CCameraCFrame":[140.75059509277345,-5.492663383483887,-188.92739868164063,0.944500744342804,-0.154515340924263,0.28990238904953005,-1.4901161193847657e-8,0.8824784159660339,0.47035300731658938,-0.3285093307495117,-0.444248765707016,0.8335014581680298],"time":0.16174960136413575},{"ShiftLock":true,"VVelocity":[-5.253726005554199,0.0031293167266994716,-15.112853050231934],"AAnimation":{"Name":"WalkAnim","Weight":0},"CCFrame":[133.17369079589845,-16.497623443603517,-205.38504028320313,0.9445008039474487,3.689473260237719e-8,0.3285091817378998,-2.7349885911576167e-8,1,-3.367560097444766e-8,-0.3285091817378998,2.282194166980389e-8,0.9445008039474487],"CCameraCFrame":[140.71531677246095,-5.416258811950684,-189.02903747558595,0.9445008635520935,-0.15575702488422395,0.2892368733882904,0,0.8804532289505005,0.47413304448127749,-0.328509122133255,-0.4478190839290619,0.8315887451171875],"time":0.168473482131958},{"ShiftLock":true,"VVelocity":[-5.255238056182861,0.0027202358469367029,-15.112327575683594],"AAnimation":{"Name":"WalkAnim","Weight":0},"CCFrame":[133.15179443359376,-16.49761199951172,-205.44801330566407,0.9442321062088013,4.214826887505296e-8,0.32928064465522768,-3.211533439184677e-8,1,-3.590840336187284e-8,-0.32928064465522768,2.333090876049937e-8,0.9442321062088013],"CCameraCFrame":[140.67315673828126,-5.350893020629883,-189.19448852539063,0.9442322254180908,-0.1571872979402542,0.289340078830719,0,0.8787044286727905,0.47736623883247378,-0.329280287027359,-0.4507445991039276,0.8297010660171509],"time":0.17362141609191895},{"ShiftLock":true,"VVelocity":[-5.266622066497803,0.0020388378761708738,-15.10836410522461],"AAnimation":{"Name":"WalkAnim","Weight":0},"CCFrame":[133.10792541503907,-16.497594833374025,-205.5739288330078,0.9439631700515747,5.263374447395108e-8,0.33005082607269289,-4.163952738167609e-8,1,-4.0380346177926188e-8,-0.33005082607269289,2.4374399387738778e-8,0.9439631700515747],"CCameraCFrame":[140.64878845214845,-5.263971328735352,-189.30841064453126,0.9439631104469299,-0.15897472202777863,0.2892417311668396,0,0.8763543367385864,0.4816669523715973,-0.33005112409591677,-0.4546758234500885,0.8272461295127869],"time":0.18007254600524903},{"ShiftLock":true,"VVelocity":[-5.275494575500488,0.0017719301395118237,-15.105266571044922],"AAnimation":{"Name":"WalkAnim","Weight":0},"CCFrame":[133.0859375,-16.497587203979493,-205.63687133789063,0.943693220615387,5.788519175098372e-8,0.3308219313621521,-4.639826656216428e-8,1,-4.2619490159268028e-8,-0.3308219313621521,2.4870157488976475e-8,0.943693220615387],"CCameraCFrame":[140.6022491455078,-5.177276611328125,-189.4856719970703,0.943693220615387,-0.16076508164405824,0.2891330122947693,0,0.8739832639694214,0.4859561622142792,-0.3308221995830536,-0.45859354734420779,0.8247718811035156],"time":0.18606281280517579},{"ShiftLock":true,"VVelocity":[-5.290671348571777,0.0013304747408255935,-15.099958419799805],"AAnimation":{"Name":"WalkAnim","Weight":0},"CCFrame":[133.04185485839845,-16.497575759887697,-205.76271057128907,0.9431514739990234,6.83854892713498e-8,0.33236315846443179,-5.5905374551912249e-8,1,-4.7111878842542868e-8,-0.33236315846443179,2.5852751051047563e-8,0.9431514739990234],"CCameraCFrame":[140.59046936035157,-5.090831756591797,-189.60647583007813,0.9431514739990234,-0.16293559968471528,0.28968483209609988,1.4901161193847657e-8,0.8715910911560059,0.49023348093032839,-0.3323632478713989,-0.46236443519592287,0.8220424056053162],"time":0.19179105758666993},{"ShiftLock":true,"VVelocity":[-5.307634353637695,0.0011975052766501904,-15.093998908996582],"AAnimation":{"Name":"WalkAnim","Weight":0},"CCFrame":[133.01974487304688,-16.497570037841798,-205.8256072998047,0.9428795576095581,7.363479426203412e-8,0.3331338167190552,-6.065556590328925e-8,1,-4.9361236875711259e-8,-0.3331338167190552,2.6335280622902247e-8,0.9428795576095581],"CCameraCFrame":[140.54324340820313,-5.0046186447143559,-189.784423828125,0.9428796172142029,-0.1647343784570694,0.28955259919166567,-1.4901162970204497e-8,0.869178056716919,0.49449917674064639,-0.3331338167190552,-0.4662531912326813,0.819530189037323],"time":0.1983036994934082},{"ShiftLock":true,"VVelocity":[-5.326976299285889,0.0009284985135309398,-15.087187767028809],"AAnimation":{"Name":"WalkAnim","Weight":0},"CCFrame":[132.97537231445313,-16.497562408447267,-205.9513397216797,0.9423338770866394,8.41307681298531e-8,0.33467426896095278,-7.014554626039171e-8,1,-5.387402524092977e-8,-0.33467426896095278,2.729141002077995e-8,0.9423338770866394],"CCameraCFrame":[140.52870178222657,-4.907920837402344,-189.91177368164063,0.9423340559005737,-0.16709735989570619,0.2899743914604187,0,0.8664385080337524,0.49928393959999087,-0.33467400074005129,-0.47049227356910708,0.8164743781089783],"time":0.20453453063964845},{"ShiftLock":true,"VVelocity":[-5.344356060028076,0.0008367035770788789,-15.081035614013672],"AAnimation":{"Name":"WalkAnim","Weight":0},"CCFrame":[132.95310974121095,-16.49755859375,-206.01417541503907,0.9417858123779297,8.940008910940378e-8,0.3362134099006653,-7.488531394983511e-8,1,-5.6137441362125176e-8,-0.3362134099006653,2.769199980434678e-8,0.9417858123779297],"CCameraCFrame":[140.48944091796876,-4.800843238830566,-190.1083221435547,0.9417860507965088,-0.16964717209339143,0.29027414321899416,0,0.8633637428283691,0.5045822858810425,-0.336213082075119,-0.4752085506916046,0.8131037354469299],"time":0.21073126792907716},{"ShiftLock":true,"VVelocity":[-5.3744797706604,0.0006388237234205008,-15.070326805114746],"AAnimation":{"Name":"WalkAnim","Weight":0},"CCFrame":[132.90835571289063,-16.4975528717041,-206.1397705078125,0.9412355422973633,9.98915297145686e-8,0.33775094151496889,-8.43544256667883e-8,1,-6.067829616540621e-8,-0.33775094151496889,2.8621780501225659e-8,0.9412355422973633],"CCameraCFrame":[140.47181701660157,-4.694149971008301,-190.2425537109375,0.9412354826927185,-0.17220640182495118,0.29055255651474,0,0.8602563142776489,0.5098617672920227,-0.3377511501312256,-0.47989997267723086,0.8097037076950073],"time":0.21733927726745606},{"ShiftLock":true,"VVelocity":[-5.392940998077393,0.0005844087572768331,-15.063726425170899],"AAnimation":{"Name":"WalkAnim","Weight":0},"CCFrame":[132.88587951660157,-16.49755096435547,-206.20252990722657,0.9406822919845581,1.0515967119317793e-7,0.3392886519432068,-8.908374837801603e-8,1,-6.295572774206448e-8,-0.3392886519432068,2.899623652297123e-8,0.9406822919845581],"CCameraCFrame":[140.4248046875,-4.556023597717285,-190.45816040039063,0.9406824111938477,-0.17530925571918488,0.29048818349838259,0,0.8561685681343079,0.5166966319084168,-0.3392885625362396,-0.4860474467277527,0.8053826093673706],"time":0.2229921817779541},{"ShiftLock":true,"VVelocity":[-5.423600196838379,0.0004784045449923724,-15.052719116210938],"AAnimation":{"Name":"WalkAnim","Weight":0},"CCFrame":[132.84071350097657,-16.497547149658204,-206.32797241210938,0.9404049515724182,1.1562295298972458e-7,0.34005671739578249,-9.853562943362704e-8,1,-6.751685077688308e-8,-0.34005671739578249,2.9985475435978518e-8,0.9404049515724182],"CCameraCFrame":[140.40203857421876,-4.492495536804199,-190.56326293945313,0.940405011177063,-0.17677506804466248,0.29049789905548098,0,0.8542634844779968,0.5198402404785156,-0.34005653858184817,-0.4888603687286377,0.8033536672592163],"time":0.22880840301513673},{"ShiftLock":true,"VVelocity":[-5.434415340423584,0.0004498245834838599,-15.048819541931153],"AAnimation":{"Name":"WalkAnim","Weight":0},"CCFrame":[132.8180694580078,-16.49754524230957,-206.3906707763672,0.939848005771637,1.2088993628367462e-7,0.3415928781032562,-1.0325632615604263e-7,1,-6.980440048209857e-8,-0.3415928781032562,3.033389717188584e-8,0.939848005771637],"CCameraCFrame":[140.36032104492188,-4.386932373046875,-190.76181030273438,0.9398481845855713,-0.17935793101787568,0.2907167673110962,1.4901162970204497e-8,0.8510628342628479,0.5250638127326965,-0.34159260988235476,-0.49348026514053347,0.7998697757720947],"time":0.2345132827758789},{"ShiftLock":true,"VVelocity":[-5.461114406585693,0.00036537647247314453,-15.039152145385743],"AAnimation":{"Name":"WalkAnim","Weight":0},"CCFrame":[132.77259826660157,-16.497541427612306,-206.51600646972657,0.9392886757850647,1.1386701714855008e-7,0.34312790632247927,-9.760059782593089e-8,1,-6.467523405717657e-8,-0.34312790632247927,2.7259225987563697e-8,0.9392886757850647],"CCameraCFrame":[140.3429412841797,-4.292269706726074,-190.89199829101563,0.9392887949943543,-0.18177123367786408,0.2910254895687103,0,0.8481550216674805,0.5297480821609497,-0.34312769770622256,-0.4975864291191101,0.7966625094413757],"time":0.24069452285766602},{"ShiftLock":true,"VVelocity":[-5.479194641113281,0.00034091397537849844,-15.03256893157959],"AAnimation":{"Name":"WalkAnim","Weight":0},"CCFrame":[132.74977111816407,-16.497539520263673,-206.57864379882813,0.9390079379081726,1.01602537938561e-7,0.3438955247402191,-8.723721833803211e-8,1,-5.7244420759161588e-8,-0.3438955247402191,2.3752473765625838e-8,0.9390079379081726],"CCameraCFrame":[140.2897491455078,-4.197930335998535,-191.07916259765626,0.9390081167221069,-0.1837831735610962,0.2906675338745117,0,0.8452214002609253,0.5344162583351135,-0.34389516711235049,-0.5018212199211121,0.7936697006225586],"time":0.24686980247497559},{"ShiftLock":true,"VVelocity":[-5.493649482727051,0.00030385691206902266,-15.027294158935547],"AAnimation":{"Name":"WalkAnim","Weight":0},"CCFrame":[132.7268829345703,-16.49753761291504,-206.64125061035157,0.9384450912475586,8.935709416846294e-8,0.345428466796875,-7.688819891882304e-8,1,-4.979828105433626e-8,-0.345428466796875,2.0173581916083095e-8,0.9384450912475586],"CCameraCFrame":[140.2737579345703,-4.114348411560059,-191.20396423339845,0.9384450912475586,-0.18603120744228364,0.291055291891098,-1.4901161193847657e-8,0.8425922393798828,0.5385521650314331,-0.3454284071922302,-0.505401611328125,0.7907265424728394],"time":0.2528674602508545},{"ShiftLock":true,"VVelocity":[-5.5221848487854,0.00024911900982260704,-15.016833305358887],"AAnimation":{"Name":"WalkAnim","Weight":0},"CCFrame":[132.68089294433595,-16.497533798217775,-206.7664031982422,0.9381626844406128,6.481322856188854e-8,0.3461947739124298,-5.6208961041193109e-8,1,-3.489389044375457e-8,-0.3461947739124298,1.3276897803393695e-8,0.9381626844406128],"CCameraCFrame":[140.24256896972657,-4.020633697509766,-191.32923889160157,0.938162624835968,-0.18804959952831269,0.29066890478134158,1.4901162970204497e-8,0.8396100997924805,0.543189525604248,-0.34619516134262087,-0.5096001029014587,0.7876906991004944],"time":0.2586524486541748},{"ShiftLock":true,"VVelocity":[-5.532770156860352,0.00015361029363702983,-15.01293659210205],"AAnimation":{"Name":"WalkAnim","Weight":0},"CCFrame":[132.6578369140625,-16.497533798217775,-206.82896423339845,0.9378795623779297,5.254783630448401e-8,0.3469609022140503,-4.5878746135485929e-8,1,-2.7435643090711893e-8,-0.3469609022140503,9.81319914217238e-9,0.9378795623779297],"CCameraCFrame":[140.1903533935547,-3.9376096725463869,-191.5111846923828,0.9378795623779297,-0.189891055226326,0.2903849482536316,0,0.8369380235671997,0.5472977757453919,-0.3469611406326294,-0.5132994055747986,0.7849469780921936],"time":0.26488471031188967},{"ShiftLock":true,"VVelocity":[-5.548761367797852,0.00010444309009471908,-15.007037162780762],"AAnimation":{"Name":"WalkAnim","Weight":0},"CCFrame":[132.6116180419922,-16.497533798217775,-206.9540252685547,0.9373115301132202,2.8019242037657933e-8,0.3484925329685211,-2.5249336843558013e-8,1,-1.2490215972604802e-8,-0.3484925329685211,2.9080182706309189e-9,0.9373115301132202],"CCameraCFrame":[140.17323303222657,-3.8548526763916017,-191.6370391845703,0.9373114705085754,-0.19215643405914308,0.29072853922843935,0,0.8342456817626953,0.5513929724693298,-0.34849271178245547,-0.5168269872665405,0.7819480299949646],"time":0.27110981941223147},{"ShiftLock":true,"VVelocity":[-5.5657124519348148,0.00009943755867425352,-15.000753402709961],"AAnimation":{"Name":"WalkAnim","Weight":0},"CCFrame":[132.5884246826172,-16.497533798217775,-207.0165252685547,0.9370267391204834,1.575326713521008e-8,0.3492576777935028,-1.4944044224307619e-8,1,-5.011482340222528e-9,-0.3492576777935028,-5.234292443923039e-10,0.9370267391204834],"CCameraCFrame":[140.1202850341797,-3.772366523742676,-191.81959533691407,0.9370266795158386,-0.19400399923324586,0.2904196083545685,0,0.8315333724021912,0.5554748177528381,-0.3492579460144043,-0.5204946994781494,0.7791688442230225],"time":0.27683377265930178},{"ShiftLock":true,"VVelocity":[-5.584975242614746,0.00009693479660199955,-14.993597030639649],"AAnimation":{"Name":"WalkAnim","Weight":0},"CCFrame":[132.54190063476563,-16.497533798217775,-207.1414794921875,0.936741054058075,-8.775977278219216e-9,0.3500230610370636,5.64770941124948e-9,1,9.958016633504485e-9,-0.3500230610370636,-7.3512542719811339e-9,0.936741054058075],"CCameraCFrame":[140.09011840820313,-3.6901473999023439,-191.93995666503907,0.9367409944534302,-0.19585321843624116,0.29009968042373659,0,0.8288010358810425,0.5595433712005615,-0.3500232994556427,-0.5241472125053406,0.7763718962669373],"time":0.28301024436950686},{"ShiftLock":true,"VVelocity":[-5.594598770141602,0.00005648689693771303,-14.990009307861329],"AAnimation":{"Name":"WalkAnim","Weight":0},"CCFrame":[132.51858520507813,-16.497533798217775,-207.2039337158203,0.9361680746078491,-2.1048444764915076e-8,0.35155272483825686,1.592804821370919e-8,1,1.7457168155488035e-8,-0.35155272483825686,-1.0743294254211833e-8,0.9361680746078491],"CCameraCFrame":[140.04620361328126,-3.597977638244629,-192.1357879638672,0.9361681938171387,-0.1983124166727066,0.29027828574180605,-1.4901162970204497e-8,0.825703501701355,0.5641043782234192,-0.35155272483825686,-0.5280965566635132,0.7729972004890442],"time":0.2886383533477783},{"ShiftLock":true,"VVelocity":[-5.6205902099609379,0.00003565743827493861,-14.980280876159668],"AAnimation":{"Name":"WalkAnim","Weight":0},"CCFrame":[132.47177124023438,-16.497533798217775,-207.3287811279297,0.9355924725532532,-4.557905342039703e-8,0.35308170318603518,3.645761381676493e-8,1,3.2484223311257668e-8,-0.35308170318603518,-1.7519479200700517e-8,0.9355924725532532],"CCameraCFrame":[140.02511596679688,-3.5061559677124025,-192.26954650878907,0.935592532157898,-0.2007792741060257,0.2904382348060608,1.4901161193847657e-8,0.8225809335708618,0.5686481595039368,-0.35308170318603518,-0.5320229530334473,0.769600510597229],"time":0.2955129146575928},{"ShiftLock":true,"VVelocity":[-5.638537883758545,0.00003355834633111954,-14.973530769348145],"AAnimation":{"Name":"WalkAnim","Weight":0},"CCFrame":[132.44827270507813,-16.497533798217775,-207.39117431640626,0.9353036880493164,-5.784596268654241e-8,0.35384607315063479,4.671295883440507e-8,1,4.0003723000836547e-8,-0.35384607315063479,-2.0886430363020737e-8,0.9353036880493164],"CCameraCFrame":[139.9629669189453,-3.394402503967285,-192.47332763671876,0.935303807258606,-0.20317056775093079,0.28970426321029665,0,0.8187302947044373,0.5741782784461975,-0.3538458049297333,-0.5370311141014099,0.7657614946365356],"time":0.30114269256591799},{"ShiftLock":true,"VVelocity":[-5.652909755706787,0.00003275100243627094,-14.968111991882325],"AAnimation":{"Name":"WalkAnim","Weight":0},"CCFrame":[132.42471313476563,-16.497533798217775,-207.4535369873047,0.9350141882896423,-7.01130034030939e-8,0.35461023449897768,5.6959965633041068e-8,1,4.752999060997354e-8,-0.35461023449897768,-2.4242629237392067e-8,0.9350141882896423],"CCameraCFrame":[139.93898010253907,-3.343777656555176,-192.57513427734376,0.9350143671035767,-0.20449773967266084,0.28970494866371157,0,0.816967785358429,0.5766834020614624,-0.35461005568504336,-0.5392072796821594,0.7638764977455139],"time":0.3067460060119629},{"ShiftLock":true,"VVelocity":[-5.670828342437744,0.00003234733230783604,-14.96133804321289],"AAnimation":{"Name":"WalkAnim","Weight":0},"CCFrame":[132.37747192382813,-16.497533798217775,-207.57821655273438,0.9347245097160339,-9.462487327027702e-8,0.3553731441497803,7.74351178733923e-8,1,6.259440965550312e-8,-0.3553731441497803,-3.099016865348858e-8,0.9347245097160339],"CCameraCFrame":[139.90969848632813,-3.273090362548828,-192.6904754638672,0.9347243309020996,-0.206181138753891,0.2894473075866699,-1.4901161193847657e-8,0.8144872784614563,0.580181360244751,-0.3553736209869385,-0.5423096418380737,0.7613210678100586],"time":0.31464171409606936},{"ShiftLock":true,"VVelocity":[-5.680295467376709,-0.000008100567356450484,-14.957744598388672],"AAnimation":{"Name":"WalkAnim","Weight":0},"CCFrame":[132.3538055419922,-16.497533798217775,-207.64053344726563,0.934142529964447,-9.03098538174163e-8,0.3569002151489258,7.398650581080801e-8,1,5.9388909789959146e-8,-0.3569002151489258,-2.9071903995259164e-8,0.934142529964447],"CCameraCFrame":[139.86082458496095,-3.1724767684936525,-192.89479064941407,0.9341424107551575,-0.20884394645690919,0.2894169092178345,0,0.8109176754951477,0.5851601958274841,-0.3569004535675049,-0.5466229319572449,0.757512629032135],"time":0.3192026615142822},{"ShiftLock":true,"VVelocity":[-5.706172943115234,-0.000029010760044911878,-14.947891235351563],"AAnimation":{"Name":"WalkAnim","Weight":0},"CCFrame":[132.30628967285157,-16.497533798217775,-207.76512145996095,0.934142529964447,-8.158157527304866e-8,0.356900155544281,6.7091498578975e-8,1,5.297995642195019e-8,-0.356900155544281,-2.5545865867115937e-8,0.934142529964447],"CCameraCFrame":[139.82420349121095,-3.1223344802856447,-192.9910125732422,0.9341425895690918,-0.20972944796085359,0.2887756824493408,1.4901162970204497e-8,0.8091214895248413,0.5876414775848389,-0.35690033435821535,-0.5489409565925598,0.755834698677063],"time":0.32537102699279787},{"ShiftLock":true,"VVelocity":[-5.708817481994629,-0.00003110985198873095,-14.946884155273438],"AAnimation":{"Name":"WalkAnim","Weight":0},"CCFrame":[132.28250122070313,-16.497533798217775,-207.827392578125,0.9335582256317139,-7.726045936351511e-8,0.35842573642730715,6.365034010968884e-8,1,4.977088252644535e-8,-0.35842573642730715,-2.365009876825752e-8,0.9335582256317139],"CCameraCFrame":[139.7770538330078,-3.0323638916015627,-193.18917846679688,0.9335582256317139,-0.21222157776355744,0.2888442277908325,0,0.8058691620826721,0.5920936465263367,-0.35842570662498476,-0.5527538657188416,0.7523258328437805],"time":0.33104825019836428},{"ShiftLock":true,"VVelocity":[-5.731155872344971,-0.00003224013198632747,-14.938331604003907],"AAnimation":{"Name":"WalkAnim","Weight":0},"CCFrame":[132.23477172851563,-16.497533798217775,-207.95188903808595,0.9335582852363586,-6.853777989590526e-8,0.35842567682266238,5.677022585359737e-8,1,4.3354791756655689e-8,-0.35842567682266238,-2.0126318389657173e-8,0.9335582852363586],"CCameraCFrame":[139.74273681640626,-2.9924964904785158,-193.27886962890626,0.9335582852363586,-0.21292877197265626,0.28832340240478518,0,0.8044159412384033,0.5940665006637573,-0.3584258258342743,-0.5545957088470459,0.7509690523147583],"time":0.3382725715637207},{"ShiftLock":true,"VVelocity":[-5.733441352844238,-0.8175322413444519,-14.937456130981446],"AAnimation":{"Name":"WalkAnim","Weight":0},"CCFrame":[132.21087646484376,-16.500940322875978,-208.01412963867188,0.9335583448410034,-6.417783282586243e-8,0.35842546820640566,5.333127006679206e-8,1,4.014777488237087e-8,-0.35842546820640566,-1.8365005516329803e-8,0.9335583448410034],"CCameraCFrame":[139.6711883544922,-2.90305233001709,-193.46539306640626,0.9335584044456482,-0.21451501548290254,0.28714480996131899,0,0.8011283278465271,0.5984926223754883,-0.358425498008728,-0.5587278008460999,0.7479000091552734],"time":0.34415602684020998},{"ShiftLock":true,"VVelocity":[-5.734615802764893,-0.6131978034973145,-14.937006950378418],"AAnimation":{"Name":"WalkAnim","Weight":0},"CCFrame":[132.1630859375,-16.51030921936035,-208.13861083984376,0.9332653284072876,-5.5475730675880189e-8,0.3591877818107605,4.6460808533765888e-8,1,3.373018486740875e-8,-0.3591877818107605,-1.479105815604953e-8,0.9332653284072876],"CCameraCFrame":[139.6431121826172,-2.8470354080200197,-193.57530212402345,0.9332653880119324,-0.21602745354175569,0.2869633734226227,0,0.798923134803772,0.6014331579208374,-0.3591878116130829,-0.5612967610359192,0.7456071376800537],"time":0.3499457836151123},{"ShiftLock":true,"VVelocity":[-5.742358684539795,-0.23001006245613099,-14.934030532836914],"AAnimation":{"Name":"WalkAnim","Weight":0},"CCFrame":[132.13916015625,-16.511266708374025,-208.20083618164063,0.933265209197998,-5.1118586696929927e-8,0.3591879904270172,4.302667733213639e-8,1,3.052241837053771e-8,-0.3591879904270172,-1.3030845735784169e-8,0.933265209197998],"CCameraCFrame":[139.58192443847657,-2.807008743286133,-193.73460388183595,0.933265209197998,-0.2169056534767151,0.2863006889820099,0,0.7970771789550781,0.6038774847984314,-0.35918816924095156,-0.5635778307914734,0.7438843250274658],"time":0.35704827308654787},{"ShiftLock":true,"VVelocity":[-5.74635648727417,-0.032428767532110217,-14.932494163513184],"AAnimation":{"Name":"WalkAnim","Weight":0},"CCFrame":[132.09127807617188,-16.511762619018556,-208.32528686523438,0.933264970779419,-4.2407098277408298e-8,0.35918858647346499,3.6160621164071929e-8,1,2.4108935292588286e-8,-0.35918858647346499,-9.511542664597528e-9,0.933264970779419],"CCameraCFrame":[139.5445556640625,-2.7586851119995119,-193.831787109375,0.9332650899887085,-0.21778176724910737,0.28563520312309267,-1.4901161193847657e-8,0.7952237725257874,0.6063161492347717,-0.3591884970664978,-0.5658537149429321,0.7421544790267944],"time":0.36176633834838869},{"ShiftLock":true,"VVelocity":[-5.746768474578857,-0.8499287366867065,-14.93233585357666],"AAnimation":{"Name":"WalkAnim","Weight":0},"CCFrame":[132.0673370361328,-16.515304565429689,-208.38751220703126,0.9332650899887085,-3.805274317869589e-8,0.3591882884502411,3.2728692644923288e-8,1,2.0903224040580427e-8,-0.3591882884502411,-7.752485764456197e-9,0.9332650899887085],"CCameraCFrame":[139.48045349121095,-2.700193405151367,-193.9983673095703,0.9332650899887085,-0.2188301980495453,0.2848326563835144,0,0.7929896116256714,0.6092351675033569,-0.35918837785720827,-0.5685778856277466,0.7400695085525513],"time":0.36838769912719729},{"ShiftLock":true,"VVelocity":[-5.746979713439941,-0.6253871917724609,-14.932254791259766],"AAnimation":{"Name":"WalkAnim","Weight":0},"CCFrame":[132.0194549560547,-16.524858474731447,-208.511962