[{"ShiftLock":false,"VVelocity":[0,0.00005207954382058233,0],"AAnimation":{"Name":"Idle","Weight":0},"CCFrame":[91.42613983154297,-16.496715545654298,-203.87677001953126,-0.49077102541923525,0,0.8712885975837708,0,1,0,-0.8712885975837708,0,-0.49077102541923525],"CCameraCFrame":[94.65411376953125,6.014371871948242,-205.6949920654297,-0.49077102541923525,-0.8580517768859863,0.1512978971004486,0,0.1736484318971634,0.9848076701164246,-0.8712886571884155,0.4833150804042816,-0.08522161841392517],"time":0},{"ShiftLock":true,"VVelocity":[2.457658290863037,0.00005207954382058233,4.526035308837891],"AAnimation":{"Name":"Idle","Weight":0},"CCFrame":[91.44149780273438,-16.496715545654298,-203.84848022460938,-0.47719207406044009,0,0.8787990212440491,0,1,0,-0.8787990212440491,0,-0.47719207406044009],"CCameraCFrame":[93.84685516357422,6.014371871948242,-207.18258666992188,-0.4771920442581177,-0.8654481172561646,0.15260204672813416,-7.450581485102248e-9,0.1736484169960022,0.9848076701164246,-0.8787991404533386,0.4699423909187317,-0.08286362886428833],"time":0.006905794143676758},{"ShiftLock":true,"VVelocity":[3.6864871978759767,0.00005207954382058233,6.789052963256836],"AAnimation":{"Name":"Idle","Weight":0},"CCFrame":[91.45685577392578,-16.496715545654298,-203.8201904296875,-0.47719207406044009,0,0.8787990212440491,0,1,0,-0.8787990212440491,0,-0.47719207406044009],"CCameraCFrame":[93.86221313476563,6.014371871948242,-207.154296875,-0.4771920442581177,-0.8654481172561646,0.15260204672813416,-7.450581485102248e-9,0.1736484169960022,0.9848076701164246,-0.8787991404533386,0.4699423909187317,-0.08286362886428833],"time":0.011937379837036133},{"ShiftLock":true,"VVelocity":[4.915316581726074,0.00005207954382058233,9.052070617675782],"AAnimation":{"Name":"Idle","Weight":0},"CCFrame":[91.47733306884766,-16.496715545654298,-203.782470703125,-0.47719207406044009,0,0.8787990212440491,0,1,0,-0.8787990212440491,0,-0.47719207406044009],"CCameraCFrame":[93.87757110595703,6.014371871948242,-207.12600708007813,-0.4771920442581177,-0.8654481172561646,0.15260204672813416,-7.450581485102248e-9,0.1736484169960022,0.9848076701164246,-0.8787991404533386,0.4699423909187317,-0.08286362886428833],"time":0.017645835876464845},{"ShiftLock":true,"VVelocity":[7.075974941253662,0.00005207954382058233,13.031148910522461],"AAnimation":{"Name":"Idle","Weight":0},"CCFrame":[91.53241729736328,-16.496715545654298,-203.6810302734375,-0.47719207406044009,0,0.8787990212440491,0,1,0,-0.8787990212440491,0,-0.47719207406044009],"CCameraCFrame":[93.8980484008789,6.014371871948242,-207.08828735351563,-0.4771920442581177,-0.8654481172561646,0.15260204672813416,-7.450581485102248e-9,0.1736484169960022,0.9848076701164246,-0.8787991404533386,0.4699423909187317,-0.08286362886428833],"time":0.0245821475982666},{"ShiftLock":true,"VVelocity":[7.556448936462402,0.00005207954382058233,13.915992736816407],"AAnimation":{"Name":"Idle","Weight":0},"CCFrame":[91.59484100341797,-16.496715545654298,-203.56607055664063,-0.47719207406044009,0,0.8787990212440491,0,1,0,-0.8787990212440491,0,-0.47719207406044009],"CCameraCFrame":[93.95313262939453,6.014371871948242,-206.98684692382813,-0.4771920442581177,-0.8654481172561646,0.15260204672813416,-7.450581485102248e-9,0.1736484169960022,0.9848076701164246,-0.8787991404533386,0.4699423909187317,-0.08286362886428833],"time":0.030292034149169923},{"ShiftLock":true,"VVelocity":[7.605588436126709,0.00005207954382058233,14.006487846374512],"AAnimation":{"Name":"Idle","Weight":0},"CCFrame":[91.62653350830078,-16.496715545654298,-203.50770568847657,-0.47719207406044009,0,0.8787990212440491,0,1,0,-0.8787990212440491,0,-0.47719207406044009],"CCameraCFrame":[94.01555633544922,6.014371871948242,-206.87188720703126,-0.4771920442581177,-0.8654481172561646,0.15260204672813416,-7.450581485102248e-9,0.1736484169960022,0.9848076701164246,-0.8787991404533386,0.4699423909187317,-0.08286362886428833],"time":0.03670811653137207},{"ShiftLock":true,"VVelocity":[7.624015808105469,0.00005207954382058233,14.040423393249512],"AAnimation":{"Name":"Idle","Weight":0},"CCFrame":[91.6583023071289,-16.496715545654298,-203.44920349121095,-0.47719207406044009,0,0.8787990212440491,0,1,0,-0.8787990212440491,0,-0.47719207406044009],"CCameraCFrame":[94.04724884033203,6.014371871948242,-206.8135223388672,-0.4771920442581177,-0.8654481172561646,0.15260204672813416,-7.450581485102248e-9,0.1736484169960022,0.9848076701164246,-0.8787991404533386,0.4699423909187317,-0.08286362886428833],"time":0.0424504280090332},{"ShiftLock":true,"VVelocity":[7.633517265319824,0.00005207954382058233,14.057921409606934],"AAnimation":{"Name":"Idle","Weight":0},"CCFrame":[91.72190856933594,-16.496715545654298,-203.3320770263672,-0.47719207406044009,0,0.8787990212440491,0,1,0,-0.8787990212440491,0,-0.47719207406044009],"CCameraCFrame":[94.07901763916016,6.014371871948242,-206.75502014160157,-0.4771920442581177,-0.8654481172561646,0.15260204672813416,-7.450581485102248e-9,0.1736484169960022,0.9848076701164246,-0.8787991404533386,0.4699423909187317,-0.08286362886428833],"time":0.04881572723388672},{"ShiftLock":true,"VVelocity":[7.634853363037109,0.00005207954382058233,14.060382843017579],"AAnimation":{"Name":"Idle","Weight":0},"CCFrame":[91.78553009033203,-16.496715545654298,-203.2149200439453,-0.47719207406044009,0,0.8787990212440491,0,1,0,-0.8787990212440491,0,-0.47719207406044009],"CCameraCFrame":[94.14262390136719,6.014371871948242,-206.6378936767578,-0.4771920442581177,-0.8654481172561646,0.15260204672813416,-7.450581485102248e-9,0.1736484169960022,0.9848076701164246,-0.8787991404533386,0.4699423909187317,-0.08286362886428833],"time":0.05479073524475098},{"ShiftLock":true,"VVelocity":[7.634990215301514,0.00005207954382058233,14.06063461303711],"AAnimation":{"Name":"Idle","Weight":0},"CCFrame":[91.81734466552735,-16.496715545654298,-203.15634155273438,-0.47719207406044009,0,0.8787990212440491,0,1,0,-0.8787990212440491,0,-0.47719207406044009],"CCameraCFrame":[94.20624542236328,6.014371871948242,-206.52073669433595,-0.4771920442581177,-0.8654481172561646,0.15260204672813416,-7.450581485102248e-9,0.1736484169960022,0.9848076701164246,-0.8787991404533386,0.4699423909187317,-0.08286362886428833],"time":0.06125903129577637},{"ShiftLock":true,"VVelocity":[7.635041236877441,0.00005207954382058233,14.060729026794434],"AAnimation":{"Name":"Idle","Weight":0},"CCFrame":[91.84915924072266,-16.496715545654298,-203.09774780273438,-0.47719207406044009,0,0.8787990212440491,0,1,0,-0.8787990212440491,0,-0.47719207406044009],"CCameraCFrame":[94.2380599975586,6.014371871948242,-206.462158203125,-0.4771920442581177,-0.8654481172561646,0.15260204672813416,-7.450581485102248e-9,0.1736484169960022,0.9848076701164246,-0.8787991404533386,0.4699423909187317,-0.08286362886428833],"time":0.06669068336486817},{"ShiftLock":true,"VVelocity":[7.635067939758301,0.00005207954382058233,14.06077766418457],"AAnimation":{"Name":"Idle","Weight":0},"CCFrame":[91.91278839111328,-16.496715545654298,-202.98056030273438,-0.47719207406044009,0,0.8787990212440491,0,1,0,-0.8787990212440491,0,-0.47719207406044009],"CCameraCFrame":[94.2698745727539,6.014371871948242,-206.403564453125,-0.4771920442581177,-0.8654481172561646,0.15260204672813416,-7.450581485102248e-9,0.1736484169960022,0.9848076701164246,-0.8787991404533386,0.4699423909187317,-0.08286362886428833],"time":0.07277464866638184},{"ShiftLock":true,"VVelocity":[7.63507080078125,0.00005207954382058233,14.060782432556153],"AAnimation":{"Name":"Idle","Weight":0},"CCFrame":[91.9446029663086,-16.496715545654298,-202.92196655273438,-0.4764751195907593,0,0.8791879415512085,0,1,0,-0.8791879415512085,0,-0.4764751195907593],"CCameraCFrame":[94.33619689941406,6.014371871948242,-206.28439331054688,-0.47647523880004885,-0.8658310770988464,0.15266963839530946,0,0.17364847660064698,0.9848076701164246,-0.8791880011558533,0.46923646330833437,-0.08273918926715851],"time":0.07959413528442383},{"ShiftLock":true,"VVelocity":[7.625215530395508,0.00005207954382058233,14.066131591796875],"AAnimation":{"Name":"Idle","Weight":0},"CCFrame":[92.0081558227539,-16.496715545654298,-202.80474853515626,-0.4764751195907593,0,0.8791879415512085,0,1,0,-0.8791879415512085,0,-0.4764751195907593],"CCameraCFrame":[94.36801147460938,6.014371871948242,-206.22579956054688,-0.47647523880004885,-0.8658310770988464,0.15266963839530946,0,0.17364847660064698,0.9848076701164246,-0.8791880011558533,0.46923646330833437,-0.08273918926715851],"time":0.0850687026977539},{"ShiftLock":true,"VVelocity":[7.624207496643066,0.00005207954382058233,14.066679000854493],"AAnimation":{"Name":"Idle","Weight":0},"CCFrame":[92.03992462158203,-16.496715545654298,-202.7461395263672,-0.4764751195907593,0,0.8791879415512085,0,1,0,-0.8791879415512085,0,-0.4764751195907593],"CCameraCFrame":[94.43156433105469,6.014371871948242,-206.10858154296876,-0.47647523880004885,-0.8658310770988464,0.15266963839530946,0,0.17364847660064698,0.9848076701164246,-0.8791880011558533,0.46923646330833437,-0.08273918926715851],"time":0.09187984466552735},{"ShiftLock":true,"VVelocity":[7.6238298416137699,0.00005207954382058233,14.06688404083252],"AAnimation":{"Name":"Idle","Weight":0},"CCFrame":[92.07169342041016,-16.496715545654298,-202.68753051757813,-0.4764751195907593,0,0.8791879415512085,0,1,0,-0.8791879415512085,0,-0.4764751195907593],"CCameraCFrame":[94.46333312988281,6.014371871948242,-206.0499725341797,-0.47647523880004885,-0.8658310770988464,0.15266963839530946,0,0.17364847660064698,0.9848076701164246,-0.8791880011558533,0.46923646330833437,-0.08273918926715851],"time":0.09642338752746582},{"ShiftLock":true,"VVelocity":[7.6236348152160648,0.00005207954382058233,14.06698989868164],"AAnimation":{"Name":"Idle","Weight":0},"CCFrame":[92.1352310180664,-16.496715545654298,-202.5703125,-0.4757557809352875,0,0.8795773983001709,0,1,0,-0.8795773983001709,0,-0.4757557809352875],"CCameraCFrame":[94.49779510498047,6.014373779296875,-205.9893798828125,-0.4757557511329651,-0.8662148118019104,0.1527368575334549,7.450580596923828e-9,0.17364799976348878,0.9848077893257141,-0.8795775175094605,0.46852797269821169,-0.08261402696371079],"time":0.10308670997619629},{"ShiftLock":true,"VVelocity":[7.616420269012451,0.00005207954382058233,14.07089614868164],"AAnimation":{"Name":"Idle","Weight":0},"CCFrame":[92.1669692993164,-16.496715545654298,-202.51168823242188,-0.47503823041915896,0,0.8799651861190796,0,1,0,-0.8799651861190796,0,-0.47503823041915896],"CCameraCFrame":[94.56403350830078,6.014373779296875,-205.8701934814453,-0.47503823041915896,-0.866596519947052,0.15280447900295258,0,0.17364832758903504,0.9848077893257141,-0.8799651265144348,0.4678213596343994,-0.08248959481716156],"time":0.10874724388122559},{"ShiftLock":true,"VVelocity":[7.602834701538086,0.00005207954382058233,14.078241348266602],"AAnimation":{"Name":"Idle","Weight":0},"CCFrame":[92.23033905029297,-16.496715545654298,-202.39437866210938,-0.4750373661518097,0,0.879965603351593,0,1,0,-0.879965603351593,0,-0.4750373661518097],"CCameraCFrame":[94.59577941894531,6.014371871948242,-205.81155395507813,-0.47503742575645449,-0.8665969967842102,0.15280482172966004,0,0.1736486554145813,0.9848076701164246,-0.8799657225608826,0.46782049536705019,-0.08248958736658097],"time":0.115081787109375},{"ShiftLock":true,"VVelocity":[7.601436614990234,0.00005207954382058233,14.078996658325196],"AAnimation":{"Name":"Idle","Weight":0},"CCFrame":[92.26200866699219,-16.496715545654298,-202.33570861816407,-0.47360002994537356,0,0.8807400465011597,0,1,0,-0.8807400465011597,0,-0.47360002994537356],"CCameraCFrame":[94.66453552246094,6.014371871948242,-205.69027709960938,-0.4736000895500183,-0.8673595190048218,0.15293926000595094,7.450580596923828e-9,0.17364858090877534,0.9848076701164246,-0.8807399868965149,0.4664050042629242,-0.08223998546600342],"time":0.12124752998352051},{"ShiftLock":true,"VVelocity":[7.580953121185303,0.00005207954382058233,14.090033531188965],"AAnimation":{"Name":"Idle","Weight":0},"CCFrame":[92.32520294189453,-16.496715545654298,-202.21829223632813,-0.47143957018852236,0,0.8818984031677246,0,1,0,-0.8818984031677246,0,-0.47143957018852236],"CCameraCFrame":[94.70426177978516,6.014373779296875,-205.62562561035157,-0.47143951058387759,-0.8685005307197571,0.1531398743391037,0,0.17364799976348878,0.9848077893257141,-0.8818985223770142,0.4642772972583771,-0.08186450600624085],"time":0.12751412391662599},{"ShiftLock":true,"VVelocity":[7.54836368560791,0.00005207954382058233,14.107513427734375],"AAnimation":{"Name":"Idle","Weight":0},"CCFrame":[92.38813781738281,-16.496715545654298,-202.1007537841797,-0.4699975848197937,0,0.8826677203178406,0,1,0,-0.8826677203178406,0,-0.4699975848197937],"CCameraCFrame":[94.77283477783203,6.014373779296875,-205.50421142578126,-0.46999749541282656,-0.8692581653594971,0.15327364206314088,0,0.1736481785774231,0.9848077893257141,-0.8826678395271301,0.462857186794281,-0.08161420375108719],"time":0.13388824462890626},{"ShiftLock":true,"VVelocity":[7.530611515045166,0.00005207954382058233,14.116994857788086],"AAnimation":{"Name":"Idle","Weight":0},"CCFrame":[92.41951751708985,-16.496715545654298,-202.04193115234376,-0.4678347110748291,0,0.8838160037994385,0,1,0,-0.8838160037994385,0,-0.4678347110748291],"CCameraCFrame":[94.84381103515625,6.014371871948242,-205.38067626953126,-0.4678347110748291,-0.8703888058662415,0.1534731686115265,0,0.17364832758903504,0.9848076701164246,-0.8838160037994385,0.4607272148132324,-0.08123871684074402],"time":0.1396040916442871},{"ShiftLock":true,"VVelocity":[7.502326488494873,0.00005207954382058233,14.132033348083496],"AAnimation":{"Name":"Idle","Weight":0},"CCFrame":[92.45077514648438,-16.496715545654298,-201.98304748535157,-0.4656694233417511,0,0.8849587440490723,0,1,0,-0.8849587440490723,0,-0.4656694233417511],"CCameraCFrame":[94.88320922851563,6.014373779296875,-205.31582641601563,-0.4656693637371063,-0.8715142607688904,0.1536712646484375,0,0.173647940158844,0.9848077893257141,-0.8849587440490723,0.45859482884407046,-0.08086252212524414],"time":0.14522743225097657},{"ShiftLock":true,"VVelocity":[7.457968235015869,0.00005207954382058233,14.155500411987305],"AAnimation":{"Name":"Idle","Weight":0},"CCFrame":[92.51297760009766,-16.496715545654298,-201.8651123046875,-0.4634988307952881,0,0.8860975503921509,0,1,0,-0.8860975503921509,0,-0.4634988307952881],"CCameraCFrame":[94.92247772216797,6.014373779296875,-205.2509002685547,-0.46349889039993288,-0.8726358413696289,0.15386903285980225,0,0.17364798486232758,0.9848077893257141,-0.8860976099967957,0.45645731687545779,-0.08048562705516815],"time":0.15089654922485352},{"ShiftLock":true,"VVelocity":[7.431726455688477,0.00005207954382058233,14.169288635253907],"AAnimation":{"Name":"Idle","Weight":0},"CCFrame":[92.5439453125,-16.496715545654298,-201.8060760498047,-0.4606022536754608,0,0.8876066207885742,0,1,0,-0.8876066207885742,0,-0.4606022536754608],"CCameraCFrame":[94.99535369873047,6.014371871948242,-205.1248779296875,-0.46060219407081606,-0.874121904373169,0.15413150191307069,-7.450581485102248e-9,0.1736484318971634,0.9848076701164246,-0.8876067399978638,0.4536045789718628,-0.07998283952474594],"time":0.15723156929016114},{"ShiftLock":true,"VVelocity":[7.378366470336914,0.00005207954382058233,14.197148323059082],"AAnimation":{"Name":"Idle","Weight":0},"CCFrame":[92.60549926757813,-16.496715545654298,-201.6877899169922,-0.45842456817626955,0,0.8887333273887634,0,1,0,-0.8887333273887634,0,-0.45842456817626955],"CCameraCFrame":[95.03429412841797,6.014373779296875,-205.0597381591797,-0.4584245979785919,-0.8752315640449524,0.15432673692703248,0,0.17364798486232758,0.9848077893257141,-0.8887333869934082,0.4514601230621338,-0.07960449904203415],"time":0.16375350952148438},{"ShiftLock":true,"VVelocity":[7.351133346557617,0.00005207954382058233,14.211263656616211],"AAnimation":{"Name":"Idle","Weight":0},"CCFrame":[92.6361312866211,-16.496715545654298,-201.62857055664063,-0.45624494552612307,0,0.8898541927337647,0,1,0,-0.8898541927337647,0,-0.45624494552612307],"CCameraCFrame":[95.10382080078125,6.014371871948242,-204.9353485107422,-0.456245094537735,-0.8763352632522583,0.154521644115448,0,0.17364828288555146,0.9848076701164246,-0.8898541927337647,0.4493136703968048,-0.07922616600990296],"time":0.16949701309204102},{"ShiftLock":true,"VVelocity":[7.319125175476074,0.00005207954382058233,14.227766036987305],"AAnimation":{"Name":"Idle","Weight":0},"CCFrame":[92.6666259765625,-16.496715545654298,-201.5692901611328,-0.4547921419143677,0,0.8905975818634033,0,1,0,-0.8905975818634033,0,-0.4547921419143677],"CCameraCFrame":[95.1397476196289,6.014373779296875,-204.87203979492188,-0.4547922909259796,-0.877067506313324,0.15465036034584046,0,0.17364786565303803,0.9848077893257141,-0.8905976414680481,0.4478829801082611,-0.0789736956357956],"time":0.1755385398864746},{"ShiftLock":true,"VVelocity":[7.282645225524902,0.00005207954382058233,14.246496200561524],"AAnimation":{"Name":"Idle","Weight":0},"CCFrame":[92.72735595703125,-16.496715545654298,-201.45059204101563,-0.4540628492832184,0,0.8909696340560913,0,1,0,-0.8909696340560913,0,-0.4540628492832184],"CCameraCFrame":[95.17288970947266,6.014373779296875,-204.81069946289063,-0.45406293869018557,-0.8774338960647583,0.15471509099006654,0,0.17364799976348878,0.9848077893257141,-0.8909696936607361,0.44716471433639529,-0.07884711027145386],"time":0.18181681632995606},{"ShiftLock":true,"VVelocity":[7.271620750427246,0.00005207954382058233,14.252132415771485],"AAnimation":{"Name":"Idle","Weight":0},"CCFrame":[92.75765228271485,-16.496715545654298,-201.39120483398438,-0.45333409309387209,0,0.8913406729698181,0,1,0,-0.8913406729698181,0,-0.45333409309387209],"CCameraCFrame":[95.23627471923828,6.014373779296875,-204.68995666503907,-0.45333415269851687,-0.8777992725372315,0.15477947890758515,7.450580596923828e-9,0.1736479550600052,0.9848077893257141,-0.8913407325744629,0.4464470148086548,-0.07872053235769272],"time":0.18732023239135743},{"ShiftLock":true,"VVelocity":[7.255915641784668,0.00005207954382058233,14.260140419006348],"AAnimation":{"Name":"Idle","Weight":0},"CCFrame":[92.8181381225586,-16.496715545654298,-201.2723846435547,-0.4526050388813019,0,0.8917111158370972,0,1,0,-0.8917111158370972,0,-0.4526050388813019],"CCameraCFrame":[95.26921844482422,6.014373779296875,-204.62852478027345,-0.4526050090789795,-0.8781641125679016,0.15484382212162019,0,0.17364796996116639,0.9848077893257141,-0.8917111754417419,0.44572892785072329,-0.07859393209218979],"time":0.19408440589904786},{"ShiftLock":true,"VVelocity":[7.247018337249756,0.00005207954382058233,14.264663696289063],"AAnimation":{"Name":"Idle","Weight":0},"CCFrame":[92.84833526611328,-16.496715545654298,-201.21295166015626,-0.4518756568431854,0,0.8920809626579285,0,1,0,-0.8920809626579285,0,-0.4518756568431854],"CCameraCFrame":[95.33235168457031,6.014373779296875,-204.5076446533203,-0.45187559723854067,-0.878528356552124,0.1549082100391388,0,0.1736481487751007,0.9848077893257141,-0.8920810222625732,0.44501060247421267,-0.07846735417842865],"time":0.19957923889160157},{"ShiftLock":true,"VVelocity":[7.232400894165039,0.00005207954382058233,14.27208137512207],"AAnimation":{"Name":"Idle","Weight":0},"CCFrame":[92.90862274169922,-16.496715545654298,-201.09402465820313,-0.4518747925758362,0,0.8920813798904419,0,1,0,-0.8920813798904419,0,-0.4518747925758362],"CCameraCFrame":[95.36256408691406,6.014371871948242,-204.44821166992188,-0.4518747627735138,-0.8785287141799927,0.15490855276584626,-7.450581485102248e-9,0.17364847660064698,0.9848076701164246,-0.8920814990997315,0.4450097382068634,-0.07846734672784805],"time":0.2072582244873047},{"ShiftLock":true,"VVelocity":[7.230897426605225,0.00005207954382058233,14.272844314575196],"AAnimation":{"Name":"Idle","Weight":0},"CCFrame":[92.93875122070313,-16.496715545654298,-201.03456115722657,-0.4518747925758362,0,0.8920813798904419,0,1,0,-0.8920813798904419,0,-0.4518747925758362],"CCameraCFrame":[95.4228515625,6.014371871948242,-204.32928466796876,-0.4518747329711914,-0.8785286545753479,0.15490853786468507,0,0.1736484318971634,0.9848076701164246,-0.8920814394950867,0.445009708404541,-0.07846733927726746],"time":0.21240639686584474},{"ShiftLock":true,"VVelocity":[7.2301225662231449,0.00005207954382058233,14.273237228393555],"AAnimation":{"Name":"Idle","Weight":0},"CCFrame":[92.99900817871094,-16.496715545654298,-200.9156036376953,-0.4518747925758362,0,0.8920813798904419,0,1,0,-0.8920813798904419,0,-0.4518747925758362],"CCameraCFrame":[95.4529800415039,6.014371871948242,-204.2698211669922,-0.4518747329711914,-0.8785286545753479,0.15490853786468507,0,0.1736484318971634,0.9848076701164246,-0.8920814394950867,0.445009708404541,-0.07846733927726746],"time":0.2188277244567871},{"ShiftLock":true,"VVelocity":[7.230043411254883,0.00005207954382058233,14.273277282714844],"AAnimation":{"Name":"Idle","Weight":0},"CCFrame":[93.02913665771485,-16.496715545654298,-200.8561248779297,-0.4518747925758362,0,0.8920813798904419,0,1,0,-0.8920813798904419,0,-0.4518747925758362],"CCameraCFrame":[95.51323699951172,6.014371871948242,-204.15086364746095,-0.4518747329711914,-0.8785286545753479,0.15490853786468507,0,0.1736484318971634,0.9848076701164246,-0.8920814394950867,0.445009708404541,-0.07846733927726746],"time":0.22477102279663087},{"ShiftLock":true,"VVelocity":[7.230013847351074,0.00005207954382058233,14.273292541503907],"AAnimation":{"Name":"Idle","Weight":0},"CCFrame":[93.05926513671875,-16.496715545654298,-200.79664611816407,-0.4518747925758362,0,0.8920813798904419,0,1,0,-0.8920813798904419,0,-0.4518747925758362],"CCameraCFrame":[95.54336547851563,6.014371871948242,-204.0913848876953,-0.4518747329711914,-0.8785286545753479,0.15490853786468507,0,0.1736484318971634,0.9848076701164246,-0.8920814394950867,0.445009708404541,-0.07846733927726746],"time":0.2294759750366211},{"ShiftLock":true,"VVelocity":[7.2299981117248539,0.00005207954382058233,14.273300170898438],"AAnimation":{"Name":"Idle","Weight":0},"CCFrame":[93.11952209472656,-16.496715545654298,-200.6776885986328,-0.4518747925758362,0,0.8920813798904419,0,1,0,-0.8920813798904419,0,-0.4518747925758362],"CCameraCFrame":[95.57349395751953,6.014371871948242,-204.0319061279297,-0.4518747329711914,-0.8785286545753479,0.15490853786468507,0,0.1736484318971634,0.9848076701164246,-0.8920814394950867,0.445009708404541,-0.07846733927726746],"time":0.23698687553405763},{"ShiftLock":true,"VVelocity":[7.229996204376221,0.00005207954382058233,14.27330207824707],"AAnimation":{"Name":"Idle","Weight":0},"CCFrame":[93.17977905273438,-16.496715545654298,-200.55873107910157,-0.4518747925758362,0,0.8920813798904419,0,1,0,-0.8920813798904419,0,-0.4518747925758362],"CCameraCFrame":[95.63375091552735,6.014371871948242,-203.91294860839845,-0.4518747329711914,-0.8785286545753479,0.15490853786468507,0,0.1736484318971634,0.9848076701164246,-0.8920814394950867,0.445009708404541,-0.07846733927726746],"time":0.24311232566833497},{"ShiftLock":true,"VVelocity":[7.229996204376221,52.99999237060547,14.27330207824707],"AAnimation":{"Name":"Idle","Weight":0},"CCFrame":[93.20990753173828,-16.275882720947267,-200.49925231933595,-0.4518747925758362,0,0.8920813798904419,0,1,0,-0.8920813798904419,0,-0.4518747925758362],"CCameraCFrame":[95.69400787353516,6.014371871948242,-203.7939910888672,-0.4518747329711914,-0.8785286545753479,0.15490853786468507,0,0.1736484318971634,0.9848076701164246,-0.8920814394950867,0.445009708404541,-0.07846733927726746],"time":0.2511594295501709},{"ShiftLock":true,"VVelocity":[7.229996204376221,52.999996185302737,14.27330207824707],"AAnimation":{"Name":"Idle","Weight":0},"CCFrame":[93.24003601074219,-16.055049896240236,-200.4397735595703,-0.4511457681655884,0,0.8924502730369568,0,1,0,-0.8924502730369568,0,-0.4511457681655884],"CCameraCFrame":[95.72677612304688,6.235204696655273,-203.73245239257813,-0.45114588737487795,-0.8788919448852539,0.15497255325317384,0,0.1736484169960022,0.9848076701164246,-0.8924503326416016,0.4442919194698334,-0.07834075391292572],"time":0.2548556327819824},{"ShiftLock":true,"VVelocity":[7.229996204376221,51.364994049072269,14.27330207824707],"AAnimation":{"Name":"Idle","Weight":0},"CCFrame":[93.30029296875,-15.623603820800782,-200.32081604003907,-0.4504166543483734,0,0.8928185105323792,0,1,0,-0.8928185105323792,0,-0.4504166543483734],"CCameraCFrame":[95.7595443725586,6.456037521362305,-203.67092895507813,-0.4504166543483734,-0.8792545199394226,0.1550365686416626,0,0.17364847660064698,0.9848076701164246,-0.8928185105323792,0.4435737729072571,-0.07821416109800339],"time":0.2597815990447998},{"ShiftLock":true,"VVelocity":[7.209947109222412,49.7299919128418,14.283437728881836],"AAnimation":{"Name":"Idle","Weight":0},"CCFrame":[93.36040496826172,-15.205780982971192,-200.20179748535157,-0.48143550753593447,0,0.8764815330505371,0,1,0,-0.8764815330505371,0,-0.48143550753593447],"CCameraCFrame":[95.82244873046875,6.887483596801758,-203.54991149902345,-0.4496872127056122,-0.8796165585517883,0.15510056912899018,0,0.1736486703157425,0.9848076701164246,-0.8931861519813538,0.44285541772842409,-0.07808757573366165],"time":0.2672853469848633},{"ShiftLock":true,"VVelocity":[7.200602054595947,48.91249084472656,14.2881498336792],"AAnimation":{"Name":"Idle","Weight":0},"CCFrame":[93.3904037475586,-15.001978874206543,-200.1422576904297,-0.4719407558441162,0,0.8816302418708801,0,1,0,-0.8816302418708801,0,-0.4719407558441162],"CCameraCFrame":[95.8878173828125,7.3053083419799809,-203.4267578125,-0.44822651147842409,-0.8803394436836243,0.15522754192352296,-7.450580596923828e-9,0.1736481487751007,0.9848077893257141,-0.8939200639724731,0.4414169490337372,-0.07783369719982147],"time":0.27298688888549807},{"ShiftLock":true,"VVelocity":[7.182490348815918,48.09498977661133,14.297255516052246],"AAnimation":{"Name":"Idle","Weight":0},"CCFrame":[93.42033386230469,-14.801583290100098,-200.0826873779297,-0.4729262888431549,0,0.8811020255088806,0,1,0,-0.8811020255088806,0,-0.4729262888431549],"CCameraCFrame":[95.923095703125,7.509108543395996,-203.3630828857422,-0.4467637836933136,-0.8810601830482483,0.155354842543602,-7.450580596923828e-9,0.17364837229251862,0.9848076701164246,-0.8946520090103149,0.43997639417648318,-0.0775797963142395],"time":0.2785165309906006},{"ShiftLock":true,"VVelocity":[7.153039932250977,46.45998764038086,14.312015533447266],"AAnimation":{"Name":"Idle","Weight":0},"CCFrame":[93.47998046875,-14.411009788513184,-199.96343994140626,-0.5015621185302734,0,0.8651216626167297,0,1,0,-0.8651216626167297,0,-0.5015621185302734],"CCameraCFrame":[95.95565032958985,7.709506034851074,-203.3014373779297,-0.44603192806243899,-0.8814197182655335,0.15541775524616242,-7.450580596923828e-9,0.17364782094955445,0.9848077893257141,-0.8950170278549194,0.4392557144165039,-0.07745248079299927],"time":0.284099817276001},{"ShiftLock":true,"VVelocity":[7.138835906982422,44.82498550415039,14.319110870361329],"AAnimation":{"Name":"Idle","Weight":0},"CCFrame":[93.53948974609375,-14.034062385559082,-199.8441162109375,-0.5021790266036987,0,0.8647636771202087,0,1,0,-0.8647636771202087,0,-0.5021790266036987],"CCameraCFrame":[96.02055358886719,8.100079536437989,-203.17803955078126,-0.44456911087036135,-0.8821362257003784,0.15554435551166535,0,0.17364811897277833,0.9848077893257141,-0.8957445621490479,0.4378151297569275,-0.0771985873579979],"time":0.29188990592956545},{"ShiftLock":true,"VVelocity":[7.138835906982422,44.82498550415039,14.319110870361329],"AAnimation":{"Name":"Idle","Weight":0},"CCFrame":[93.53948974609375,-14.034062385559082,-199.8441162109375,-0.44383567571640017,0,0.8961082100868225,0,1,0,-0.8961082100868225,0,-0.44383567571640017],"CCameraCFrame":[96.08269500732422,8.47702693939209,-203.056640625,-0.44383567571640017,-0.8824943900108337,0.155607670545578,0,0.17364832758903504,0.9848077893257141,-0.8961082696914673,0.4370928406715393,-0.07707130163908005],"time":0.2962973117828369},{"ShiftLock":true,"VVelocity":[7.106638431549072,43.18998336791992,14.335112571716309],"AAnimation":{"Name":"Idle","Weight":0},"CCFrame":[93.59874725341797,-13.67073917388916,-199.7246856689453,-0.5014534592628479,0,0.8651846647262573,0,1,0,-0.8651846647262573,0,-0.5014534592628479],"CCameraCFrame":[96.0853271484375,8.477025032043457,-203.05455017089845,-0.44310256838798525,-0.8828514814376831,0.15567059814929963,-7.450581485102248e-9,0.17364825308322907,0.9848076701164246,-0.8964709639549255,0.4363708198070526,-0.07694398611783982],"time":0.30285000801086428},{"ShiftLock":true,"VVelocity":[7.092031955718994,41.55498123168945,14.342350006103516],"AAnimation":{"Name":"Idle","Weight":0},"CCFrame":[93.6578598022461,-13.32104206085205,-199.6051788330078,-0.500273585319519,0,0.8658673763275147,0,1,0,-0.8658673763275147,0,-0.500273585319519],"CCameraCFrame":[96.14982604980469,8.840348243713379,-202.9309539794922,-0.4416365325450897,-0.8835636973381043,0.1557960957288742,-7.450581485102248e-9,0.1736481785774231,0.9848076701164246,-0.8971941471099854,0.4349270462989807,-0.07668936997652054],"time":0.3089718818664551},{"ShiftLock":true,"VVelocity":[7.0758771896362309,40.73748016357422,14.350321769714356],"AAnimation":{"Name":"Idle","Weight":0},"CCFrame":[93.68733978271485,-13.151302337646485,-199.54537963867188,-0.4698088765144348,0,0.8827681541442871,0,1,0,-0.8827681541442871,0,-0.4698088765144348],"CCameraCFrame":[96.21417999267578,9.190045356750489,-202.80728149414063,-0.4401700794696808,-0.8842730522155762,0.15592125058174134,-7.450581485102248e-9,0.17364823818206788,0.9848076701164246,-0.897914469242096,0.4334828555583954,-0.07643476128578186],"time":0.3147897720336914},{"ShiftLock":true,"VVelocity":[7.047384262084961,39.10247802734375,14.364336967468262],"AAnimation":{"Name":"Idle","Weight":0},"CCFrame":[93.74610137939453,-12.822042465209961,-199.4257049560547,-0.49824875593185427,0,0.8670341372489929,0,1,0,-0.8670341372489929,0,-0.49824875593185427],"CCameraCFrame":[96.24626159667969,9.359786987304688,-202.74539184570313,-0.439438134431839,-0.8846262097358704,0.1559831202030182,0,0.17364783585071565,0.9848077893257141,-0.8982729911804199,0.432762086391449,-0.07630746066570282],"time":0.3218247890472412},{"ShiftLock":true,"VVelocity":[7.037149429321289,38.284976959228519,14.369354248046875],"AAnimation":{"Name":"Idle","Weight":0},"CCFrame":[93.77542114257813,-12.662521362304688,-199.36582946777345,-0.4676678776741028,0,0.8839042782783508,0,1,0,-0.8839042782783508,0,-0.4676678776741028],"CCameraCFrame":[96.31024932861328,9.689046859741211,-202.6215362548828,-0.43797072768211367,-0.8853316307067871,0.15610791742801667,0,0.17364826798439027,0.9848077893257141,-0.8989892601966858,0.43131697177886965,-0.07605285197496414],"time":0.3264763355255127},{"ShiftLock":true,"VVelocity":[7.0116963386535648,36.64997482299805,14.381793022155762],"AAnimation":{"Name":"Idle","Weight":0},"CCFrame":[93.83387756347656,-12.35369873046875,-199.24600219726563,-0.4961433708667755,0,0.8682405948638916,0,1,0,-0.8682405948638916,0,-0.4961433708667755],"CCameraCFrame":[96.34217834472656,9.848566055297852,-202.5595703125,-0.4372369945049286,-0.8856831789016724,0.15617015957832337,0,0.17364852130413056,0.9848076701164246,-0.8993463516235352,0.4305943548679352,-0.0759255513548851],"time":0.33379054069519045},{"ShiftLock":true,"VVelocity":[7.001755714416504,35.83247375488281,14.386635780334473],"AAnimation":{"Name":"Idle","Weight":0},"CCFrame":[93.86305236816406,-12.204397201538086,-199.18605041503907,-0.46550607681274416,0,0.8850446939468384,0,1,0,-0.8850446939468384,0,-0.46550607681274416],"CCameraCFrame":[96.40583801269531,10.157390594482422,-202.435546875,-0.43576785922050478,-0.8863852620124817,0.15629351139068604,0,0.17364805936813355,0.9848077893257141,-0.900059163570404,0.4291475713253021,-0.07567022740840912],"time":0.33957409858703616},{"ShiftLock":true,"VVelocity":[6.983336448669434,35.01497268676758,14.39557933807373],"AAnimation":{"Name":"Idle","Weight":0},"CCFrame":[93.89215087890625,-12.058501243591309,-199.12606811523438,-0.46478480100631716,0,0.8854236602783203,0,1,0,-0.8854236602783203,0,-0.46478480100631716],"CCameraCFrame":[96.4376220703125,10.306690216064454,-202.37350463867188,-0.43503400683403017,-0.886734664440155,0.15635539591312409,0,0.17364832758903504,0.9848076701164246,-0.9004140496253967,0.4284248352050781,-0.07554292678833008],"time":0.34574413299560549},{"ShiftLock":true,"VVelocity":[6.963748931884766,33.37997055053711,14.405071258544922],"AAnimation":{"Name":"Idle","Weight":0},"CCFrame":[93.95020294189453,-11.776928901672364,-199.0060272216797,-0.4926001727581024,0,0.8702557682991028,0,1,0,-0.8702557682991028,0,-0.4926001727581024],"CCameraCFrame":[96.471923828125,10.45258617401123,-202.30931091308595,-0.43356308341026308,-0.8874331712722778,0.15647874772548676,0,0.17364856600761414,0.9848076701164246,-0.9011233448982239,0.4269762635231018,-0.0752875953912735],"time":0.3514268398284912},{"ShiftLock":true,"VVelocity":[6.947036266326904,32.562469482421878,14.41313362121582],"AAnimation":{"Name":"Idle","Weight":0},"CCFrame":[93.9791488647461,-11.641251564025879,-198.9459686279297,-0.4618900418281555,0,0.8869372010231018,0,1,0,-0.8869372010231018,0,-0.4618900418281555],"CCameraCFrame":[96.53516387939453,10.734160423278809,-202.18504333496095,-0.43209001421928408,-0.888129711151123,0.15660104155540467,7.450580596923828e-9,0.17364796996116639,0.9848077893257141,-0.9018304944038391,0.42552560567855837,-0.07503155618906021],"time":0.35759925842285159},{"ShiftLock":true,"VVelocity":[6.9181647300720219,30.927471160888673,14.427016258239746],"AAnimation":{"Name":"Idle","Weight":0},"CCFrame":[94.03683471679688,-11.38011646270752,-198.82574462890626,-0.490465372800827,0,0.8714606761932373,0,1,0,-0.8714606761932373,0,-0.490465372800827],"CCameraCFrame":[96.56671142578125,10.869837760925293,-202.1228790283203,-0.43135225772857668,-0.8884774446487427,0.15666258335113526,7.450580596923828e-9,0.17364822328090669,0.9848077893257141,-0.9021835923194885,0.4247990548610687,-0.07490354776382446],"time":0.36357784271240237},{"ShiftLock":true,"VVelocity":[6.907834053039551,30.10997200012207,14.431966781616211],"AAnimation":{"Name":"Idle","Weight":0},"CCFrame":[94.06562042236328,-11.254658699035645,-198.76560974121095,-0.4604395627975464,0,0.887691080570221,0,1,0,-0.887691080570221,0,-0.4604395627975464],"CCameraCFrame":[96.62699127197266,11.130972862243653,-202.0005340576172,-0.43061503767967226,-0.8888242244720459,0.1567237228155136,7.450580596923828e-9,0.17364823818206788,0.9848077893257141,-0.9025357365608215,0.4240730404853821,-0.07477553188800812],"time":0.3698282241821289},{"ShiftLock":true,"VVelocity":[6.89658784866333,29.29247283935547,14.437344551086426],"AAnimation":{"Name":"Idle","Weight":0},"CCFrame":[94.09435272216797,-11.132606506347657,-198.70545959472657,-0.4589884281158447,0,0.8884422183036804,0,1,0,-0.8884422183036804,0,-0.4589884281158447],"CCameraCFrame":[96.66097259521485,11.256428718566895,-201.93617248535157,-0.4291397035121918,-0.8895159363746643,0.15684601664543153,7.450581485102248e-9,0.17364859580993653,0.9848076701164246,-0.9032382369041443,0.4226200580596924,-0.07451948523521424],"time":0.37551164627075198},{"ShiftLock":true,"VVelocity":[6.870502948760986,27.657474517822267,14.449776649475098],"AAnimation":{"Name":"Idle","Weight":0},"CCFrame":[94.1516342163086,-10.898721694946289,-198.58505249023438,-0.48761534690856936,0,0.873058557510376,0,1,0,-0.873058557510376,0,-0.48761534690856936],"CCameraCFrame":[96.69229125976563,11.378480911254883,-201.8739013671875,-0.4284023940563202,-0.8898605704307556,0.15690679848194123,0,0.17364859580993653,0.9848076701164246,-0.9035881757736206,0.4218939542770386,-0.07439146190881729],"time":0.3811514377593994},{"ShiftLock":true,"VVelocity":[6.860462188720703,26.839975357055665,14.454547882080079],"AAnimation":{"Name":"Idle","Weight":0},"CCFrame":[94.18022155761719,-10.786888122558594,-198.5248260498047,-0.4575352370738983,0,0.8891915082931519,0,1,0,-0.8891915082931519,0,-0.4575352370738983],"CCameraCFrame":[96.75215148925781,11.612367630004883,-201.75135803222657,-0.4276621639728546,-0.8902058005332947,0.15696725249290467,0,0.17364813387393952,0.9848077893257141,-0.9039386510848999,0.42116501927375796,-0.07426273822784424],"time":0.3872063159942627},{"ShiftLock":true,"VVelocity":[6.845107555389404,25.20497703552246,14.461827278137207],"AAnimation":{"Name":"Idle","Weight":0},"CCFrame":[94.2372817993164,-10.573440551757813,-198.40431213378907,-0.48618727922439577,0,0.8738546371459961,0,1,0,-0.8738546371459961,0,-0.48618727922439577],"CCameraCFrame":[96.78333282470703,11.724199295043946,-201.6890106201172,-0.42692431807518008,-0.8905491828918457,0.15702803432941438,0,0.1736483871936798,0.9848076701164246,-0.9042873978614807,0.42043834924697878,-0.0741347149014473],"time":0.3936607837677002},{"ShiftLock":true,"VVelocity":[6.836158752441406,24.38747787475586,14.466058731079102],"AAnimation":{"Name":"Idle","Weight":0},"CCFrame":[94.26576232910156,-10.47182559967041,-198.3440399169922,-0.4560837745666504,0,0.8899368643760681,0,1,0,-0.8899368643760681,0,-0.4560837745666504],"CCameraCFrame":[96.84297180175781,11.937646865844727,-201.56637573242188,-0.4261869788169861,-0.8908916711807251,0.15708844363689423,0,0.1736484169960022,0.9848076701164246,-0.9046351909637451,0.41971221566200259,-0.07400668412446976],"time":0.3996708393096924},{"ShiftLock":true,"VVelocity":[6.821405410766602,22.752479553222658,14.4730224609375],"AAnimation":{"Name":"Idle","Weight":0},"CCFrame":[94.32262420654297,-10.278815269470215,-198.2234344482422,-0.48475930094718935,0,0.8746476173400879,0,1,0,-0.8746476173400879,0,-0.48475930094718935],"CCameraCFrame":[96.8740234375,12.039263725280762,-201.50396728515626,-0.4254467487335205,-0.8912347555160523,0.15714852511882783,0,0.1736479550600052,0.9848077893257141,-0.9049834609031677,0.4189832806587219,-0.07387795299291611],"time":0.4053761959075928},{"ShiftLock":true,"VVelocity":[6.812494277954102,21.934980392456056,14.477217674255371],"AAnimation":{"Name":"Idle","Weight":0},"CCFrame":[94.35101318359375,-10.187419891357422,-198.16311645507813,-0.45390084385871889,0,0.8910521864891052,0,1,0,-0.8910521864891052,0,-0.45390084385871889],"CCameraCFrame":[96.93605041503906,12.232274055480957,-201.37908935546876,-0.42396804690361025,-0.891917884349823,0.15726903080940247,7.450580596923828e-9,0.17364799976348878,0.9848077893257141,-0.9056771397590637,0.41752704977989199,-0.07362119853496552],"time":0.41172003746032717},{"ShiftLock":true,"VVelocity":[6.787567138671875,20.29998207092285,14.488919258117676],"AAnimation":{"Name":"Idle","Weight":0},"CCFrame":[94.40760803222656,-10.014846801757813,-198.04238891601563,-0.481900155544281,0,0.8762261271476746,0,1,0,-0.8762261271476746,0,-0.481900155544281],"CCameraCFrame":[96.96958923339844,12.323667526245118,-201.31451416015626,-0.4224890172481537,-0.8925982713699341,0.15738919377326966,7.450581485102248e-9,0.17364823818206788,0.9848076701164246,-0.9063681364059448,0.41607043147087099,-0.07336445152759552],"time":0.4173762798309326},{"ShiftLock":true,"VVelocity":[6.770227432250977,19.48248291015625,14.497025489807129],"AAnimation":{"Name":"Idle","Weight":0},"CCFrame":[94.4358139038086,-9.933670043945313,-197.9819793701172,-0.4509880840778351,0,0.8925299644470215,0,1,0,-0.8925299644470215,0,-0.4509880840778351],"CCameraCFrame":[97.03131866455078,12.496244430541993,-201.1894989013672,-0.42100775241851809,-0.8932769298553467,0.15750828385353089,0,0.17364761233329774,0.9848078489303589,-0.9070571064949036,0.41461172699928286,-0.07310698181390763],"time":0.42430806159973147},{"ShiftLock":true,"VVelocity":[6.74091911315918,17.847484588623048,14.5106782913208],"AAnimation":{"Name":"Idle","Weight":0},"CCFrame":[94.49201965332031,-9.781534194946289,-197.861083984375,-0.47831660509109499,0,0.8781874775886536,0,1,0,-0.8781874775886536,0,-0.47831660509109499],"CCameraCFrame":[97.0672378540039,12.57741928100586,-201.12265014648438,-0.4187825620174408,-0.8942906856536865,0.1576874554157257,-7.450580596923828