[{"ShiftLock":false,"VVelocity":[0,0.00005203686305321753,0],"AAnimation":{"Name":"Idle","Weight":0},"CCFrame":[161.6400604248047,-16.55572509765625,-240.17259216308595,-0.3520324230194092,0,0.9359878301620483,0,1,0,-0.9359878301620483,0,-0.3520324230194092],"CCameraCFrame":[179.0937042236328,-0.5306329727172852,-246.73704528808595,-0.3520324230194092,-0.5751746892929077,0.738408625125885,0,0.7889083623886108,0.6145108342170715,-0.9359878301620483,0.2163277417421341,-0.2777213156223297],"time":0},{"ShiftLock":true,"VVelocity":[-1.1136640310287476,-1.6349480152130128,0.4240540862083435],"AAnimation":{"Name":"Idle","Weight":0},"CCFrame":[161.6331024169922,-16.56594467163086,-240.16993713378907,-0.3536406457424164,2.4602533343909273e-8,0.9353813529014587,6.1109610705045729e-9,1,-2.3991765019104606e-8,-0.9353813529014587,-2.7683837444669736e-9,-0.3536406457424164],"CCameraCFrame":[177.3463134765625,0.8854656219482422,-247.9799346923828,-0.3535584509372711,-0.630862295627594,0.6906585097312927,0,0.738346517086029,0.674421489238739,-0.9354124665260315,0.2384474128484726,-0.26104867458343508],"time":0.005884408950805664},{"ShiftLock":true,"VVelocity":[-3.5226478576660158,-0.6131055355072022,1.3340364694595338],"AAnimation":{"Name":"Idle","Weight":0},"CCFrame":[161.61842346191407,-16.568498611450197,-240.1643829345703,-0.3520590364933014,3.690441374715192e-8,0.9359778165817261,9.145379564756695e-9,1,-3.5988779956142028e-8,-0.9359778165817261,-4.110303652993252e-9,-0.3520590364933014],"CCameraCFrame":[177.30630493164063,0.9286308288574219,-247.93438720703126,-0.3520296812057495,-0.6333649754524231,0.6891472935676575,1.4901161193847657e-8,0.7362772822380066,0.6766800284385681,-0.9359889030456543,0.2382114678621292,-0.2591914236545563],"time":0.010723114013671875},{"ShiftLock":true,"VVelocity":[-8.34449291229248,0.07529449462890625,3.1437010765075685],"AAnimation":{"Name":"Idle","Weight":0},"CCFrame":[161.55892944335938,-16.568904876708986,-240.1419677734375,-0.34976229071617129,6.150073517119381e-8,0.9368385076522827,1.5152394894357714e-8,1,-5.999006447154898e-8,-0.9368385076522827,-6.786915029977081e-9,-0.34976229071617129],"CCameraCFrame":[177.25543212890626,0.9899368286132813,-247.8697967529297,-0.34973523020744326,-0.6364778280258179,0.6874454617500305,-1.4901162970204497e-8,0.733785092830658,0.6793817281723023,-0.9368486404418945,0.23760370910167695,-0.25663048028945925],"time":0.01716136932373047},{"ShiftLock":true,"VVelocity":[-10.76038646697998,0.20555554330348969,4.035175323486328],"AAnimation":{"Name":"Idle","Weight":0},"CCFrame":[161.51409912109376,-16.56804847717285,-240.12515258789063,-0.34821051359176638,7.380106836762934e-8,0.9374163746833801,1.813478789358669e-8,1,-7.199185603212755e-8,-0.9374163746833801,-8.068476553546589e-9,-0.34821051359176638],"CCameraCFrame":[177.1623077392578,1.0425796508789063,-247.8046875,-0.34820470213890078,-0.6389689445495606,0.6859097480773926,1.4901162970204497e-8,0.7317007184028626,0.6816260814666748,-0.9374185800552368,0.23734542727470399,-0.2547816038131714],"time":0.02336740493774414},{"ShiftLock":true,"VVelocity":[-14.31721305847168,0.2840007245540619,5.324283599853516],"AAnimation":{"Name":"Idle","Weight":0},"CCFrame":[161.39952087402345,-16.565759658813478,-240.08250427246095,-0.3466784656047821,9.838456094257708e-8,0.937984049320221,2.4057998260218484e-8,1,-9.599754946520989e-8,-0.937984049320221,-1.0714263254385515e-8,-0.3466784656047821],"CCameraCFrame":[177.0836181640625,1.0963325500488282,-247.7452392578125,-0.3466731011867523,-0.6414548754692078,0.6843634843826294,0,0.7296096086502075,0.6838639378547669,-0.9379861354827881,0.2370772361755371,-0.2529359459877014],"time":0.02895808219909668},{"ShiftLock":true,"VVelocity":[-14.748814582824707,0.2792895436286926,5.463336944580078],"AAnimation":{"Name":"Idle","Weight":0},"CCFrame":[161.33807373046876,-16.56459617614746,-240.0597381591797,-0.345907986164093,1.1067456995306202e-7,0.9382684230804443,2.7008683289864167e-8,1,-1.0799899285984793e-7,-0.9382684230804443,-1.2016319494989603e-8,-0.345907986164093],"CCameraCFrame":[176.93804931640626,1.1408309936523438,-247.6761474609375,-0.34590691328048708,-0.6433237791061401,0.682995617389679,0,0.7279317378997803,0.6856496930122376,-0.9382688999176025,0.2371709644794464,-0.25179657340049746],"time":0.035864830017089847},{"ShiftLock":true,"VVelocity":[-14.975249290466309,0.23927275836467744,5.524501323699951],"AAnimation":{"Name":"Idle","Weight":0},"CCFrame":[161.2135467529297,-16.5625057220459,-240.01376342773438,-0.3451414406299591,1.166700869248416e-7,0.9385507106781006,2.837629686780474e-8,1,-1.138737175665483e-7,-0.9385507106781006,-1.2669946869436899e-8,-0.3451414406299591],"CCameraCFrame":[176.8361358642578,1.1946163177490235,-247.62353515625,-0.3451403081417084,-0.6456067562103272,0.6812268495559692,-1.4901159417490817e-8,0.7258281707763672,0.6878759860992432,-0.9385510683059692,0.23741371929645539,-0.25051257014274599],"time":0.04186367988586426},{"ShiftLock":true,"VVelocity":[-15.001230239868164,0.2143876850605011,5.5230913162231449],"AAnimation":{"Name":"Idle","Weight":0},"CCFrame":[161.1510467529297,-16.561613082885743,-239.99075317382813,-0.34360674023628237,1.1039912095611726e-7,0.9391136169433594,2.6814042541900564e-8,1,-1.0774589043194283e-7,-0.9391136169433594,-1.184077991212007e-8,-0.34360674023628237],"CCameraCFrame":[176.6770782470703,1.2491836547851563,-247.5350799560547,-0.34360653162002566,-0.6480787396430969,0.6796531677246094,-1.4901161193847657e-8,0.7237176895141602,0.6900961399078369,-0.9391137361526489,0.23712152242660523,-0.24867409467697144],"time":0.04667186737060547},{"ShiftLock":true,"VVelocity":[-15.022361755371094,0.1665107011795044,5.501274108886719],"AAnimation":{"Name":"Idle","Weight":0},"CCFrame":[161.02587890625,-16.56012725830078,-239.94488525390626,-0.34207212924957278,9.78393046580095e-8,0.9396737217903137,2.3710530427933919e-8,1,-9.548909929435468e-8,-0.9396737217903137,-1.0383995885376862e-8,-0.34207212924957278],"CCameraCFrame":[176.57040405273438,1.3128395080566407,-247.46624755859376,-0.34207186102867129,-0.6509604454040527,0.677670419216156,0,0.721176266670227,0.6927514672279358,-0.9396738409996033,0.23697078227996827,-0.24669410288333894],"time":0.05327486991882324},{"ShiftLock":true,"VVelocity":[-15.030123710632325,0.14524415135383607,5.483696460723877],"AAnimation":{"Name":"Idle","Weight":0},"CCFrame":[160.9632568359375,-16.55952262878418,-239.9220428466797,-0.34053662419319155,9.156863711723418e-8,0.9402312636375427,2.2169270863514613e-8,1,-8.936013529137199e-8,-0.9402312636375427,-9.586155869101276e-9,-0.34053662419319155],"CCameraCFrame":[176.40074157714845,1.3768730163574219,-247.37464904785157,-0.34053653478622439,-0.6538346409797669,0.6756738424301148,0,0.7186251878738403,0.6953976154327393,-0.9402313232421875,0.23680830001831056,-0.24471811950206757],"time":0.060738325119018558},{"ShiftLock":true,"VVelocity":[-15.041790008544922,0.1092529445886612,5.453521728515625],"AAnimation":{"Name":"Idle","Weight":0},"CCFrame":[160.83792114257813,-16.55854034423828,-239.87657165527345,-0.3389996886253357,7.901321907866077e-8,0.9407864809036255,1.9107767812442945e-8,1,-7.710112015502091e-8,-0.9407864809036255,-8.160924380717916e-9,-0.3389996886253357],"CCameraCFrame":[176.27426147460938,1.4605236053466797,-247.29930114746095,-0.3389996588230133,-0.6575261950492859,0.6728585362434387,0,0.7152085900306702,0.6989110708236694,-0.940786600112915,0.23693060874938966,-0.24245543777942658],"time":0.06630563735961914},{"ShiftLock":true,"VVelocity":[-15.048535346984864,0.09439306706190109,5.4350666999816898],"AAnimation":{"Name":"Idle","Weight":0},"CCFrame":[160.7752227783203,-16.558147430419923,-239.8539276123047,-0.33746200799942019,7.27429778635269e-8,0.9413391351699829,1.7587520773076905e-8,1,-7.097108323250723e-8,-0.9413391351699829,-7.394224343926226e-9,-0.33746200799942019],"CCameraCFrame":[176.122802734375,1.5028800964355469,-247.21511840820313,-0.3374619483947754,-0.6595601439476013,0.6716397404670715,0,0.7134938836097717,0.7006614804267883,-0.9413392543792725,0.2364465892314911,-0.24077700078487397],"time":0.07120180130004883},{"ShiftLock":true,"VVelocity":[-15.059614181518555,0.0701684057712555,5.404407501220703],"AAnimation":{"Name":"Idle","Weight":0},"CCFrame":[160.64974975585938,-16.55751609802246,-239.80885314941407,-0.33669257164001467,6.018609610691783e-8,0.9416146278381348,1.4558016125931772e-8,1,-5.871246955280185e-8,-0.9416146278381348,-6.0600116036368949e-9,-0.33669257164001467],"CCameraCFrame":[176.0086669921875,1.5651473999023438,-247.15945434570313,-0.33669257164001467,-0.6622179746627808,0.6694067716598511,0,0.7109137773513794,0.7032791972160339,-0.9416146278381348,0.23678888380527497,-0.23935937881469727],"time":0.07817316055297852},{"ShiftLock":true,"VVelocity":[-15.063501358032227,0.06041925027966499,5.39357852935791],"AAnimation":{"Name":"Idle","Weight":0},"CCFrame":[160.5869903564453,-16.55726432800293,-239.786376953125,-0.33515363931655886,5.3916480169391437e-8,0.9421634674072266,1.3053762515369272e-8,1,-5.258266000396361e-8,-0.9421634674072266,-5.324492402536407e-9,-0.33515363931655886],"CCameraCFrame":[175.84706115722657,1.6171741485595704,-247.0723876953125,-0.3351536691188812,-0.6646525859832764,0.6677641868591309,-1.4901159417490817e-8,0.708756148815155,0.7054535746574402,-0.9421634674072266,0.23643533885478974,-0.2375422567129135],"time":0.08432507514953613},{"ShiftLock":true,"VVelocity":[-15.07044792175293,0.05199131369590759,5.374128818511963],"AAnimation":{"Name":"Idle","Weight":0},"CCFrame":[160.52420043945313,-16.55704689025879,-239.7639923095703,-0.33438363671302798,4.764272176771556e-8,0.9424370527267456,1.1554840639860231e-8,1,-4.645293927296734e-8,-0.9424370527267456,-4.643392781389366e-9,-0.33438363671302798],"CCameraCFrame":[175.73236083984376,1.6788921356201172,-247.01695251464845,-0.33438366651535036,-0.6672963500022888,0.6655097603797913,0,0.7061583399772644,0.7080540060997009,-0.9424370527267456,0.2367616891860962,-0.2361278086900711],"time":0.08982586860656738},{"ShiftLock":true,"VVelocity":[-15.077791213989258,0.03842665255069733,5.353512287139893],"AAnimation":{"Name":"Idle","Weight":0},"CCFrame":[160.3985595703125,-16.556699752807618,-239.7193603515625,-0.33361348509788515,3.5094338102226177e-8,0.9427099227905273,8.567971221395965e-9,1,-3.4194979292578867e-8,-0.9427099227905273,-3.330794751121857e-9,-0.33361348509788515],"CCameraCFrame":[175.65614318847657,1.6995468139648438,-246.975341796875,-0.3336135447025299,-0.6683047413825989,0.664884090423584,0,0.7052903175354004,0.7089186310768127,-0.9427100419998169,0.23650485277175904,-0.23529435694217683],"time":0.09641647338867188},{"ShiftLock":true,"VVelocity":[-15.081271171569825,0.033021487295627597,5.3437018394470219],"AAnimation":{"Name":"Idle","Weight":0},"CCFrame":[160.33572387695313,-16.556562423706056,-239.6970977783203,-0.3320726454257965,2.882566363382466e-8,0.9432538151741028,7.085028563835749e-9,1,-2.8065532120535864e-8,-0.9432538151741028,-2.63681498857693e-9,-0.3320726454257965],"CCameraCFrame":[175.43539428710938,1.8118476867675782,-246.8683624267578,-0.33207255601882937,-0.6731578707695007,0.660746693611145,-1.4901161193847657e-8,0.7004972100257874,0.7136550545692444,-0.9432538747787476,0.2369852364063263,-0.23261591792106629],"time":0.10225462913513184},{"ShiftLock":true,"VVelocity":[-15.090543746948243,0.024383075535297395,5.317456245422363],"AAnimation":{"Name":"Idle","Weight":0},"CCFrame":[160.20997619628907,-16.55634307861328,-239.6527557373047,-0.33207276463508608,1.6281546777463519e-8,0.943253755569458,4.120093155535187e-9,1,-1.5810565301421776e-8,-0.943253755569458,-1.3639652740593534e-9,-0.33207276463508608],"CCameraCFrame":[175.34329223632813,1.8423843383789063,-246.83580017089845,-0.33207276463508608,-0.6743708848953247,0.6595085263252258,-1.4901162970204497e-8,0.6991846561431885,0.7149410843849182,-0.9432538151741028,0.2374124526977539,-0.2321801781654358],"time":0.1083064079284668},{"ShiftLock":true,"VVelocity":[-15.09149169921875,0.020956065505743028,5.3147735595703129],"AAnimation":{"Name":"Idle","Weight":0},"CCFrame":[160.1470947265625,-16.556255340576173,-239.630615234375,-0.3313021957874298,1.0012608520071354e-8,0.9435247182846069,2.6431048461006414e-9,1,-9.683840396235155e-9,-0.9435247182846069,-7.144427272010034e-10,-0.3313021957874298],"CCameraCFrame":[175.16465759277345,1.903238296508789,-246.75857543945313,-0.33130210638046267,-0.6769850254058838,0.6572138667106628,0,0.6965517997741699,0.7175064086914063,-0.9435247182846069,0.23771138489246369,-0.2307690978050232],"time":0.11519718170166016},{"ShiftLock":true,"VVelocity":[-15.09455680847168,0.01800304651260376,5.306061267852783],"AAnimation":{"Name":"Idle","Weight":0},"CCFrame":[160.08419799804688,-16.556180953979493,-239.60850524902345,-0.331301748752594,3.74390163315752e-9,0.9435248374938965,1.1664347265849529e-9,1,-3.5584222235485187e-9,-0.9435248374938965,-7.835134624434304e-11,-0.331301748752594],"CCameraCFrame":[175.01332092285157,1.993844985961914,-246.7053680419922,-0.331301748752594,-0.6805983781814575,0.6534714698791504,1.4901161193847657e-8,0.692585289478302,0.7213359475135803,-0.9435248374938965,0.23897987604141236,-0.22945472598075868],"time":0.12002944946289063},{"ShiftLock":true,"VVelocity":[-15.096138000488282,0.013293005526065827,5.3015642166137699],"AAnimation":{"Name":"Idle","Weight":0},"CCFrame":[159.95840454101563,-16.556060791015626,-239.56431579589845,-0.33130142092704775,-8.789494465588632e-9,0.943524956703186,-1.7859534962028079e-9,1,8.688488151165075e-9,-0.943524956703186,1.193416698797023e-9,-0.33130142092704775],"CCameraCFrame":[174.9010772705078,2.0439834594726564,-246.66592407226563,-0.33130136132240298,-0.6825969219207764,0.6513837575912476,0,0.6903725266456604,0.7234539985656738,-0.943524956703186,0.23968128859996797,-0.22872138023376466],"time":0.1265397071838379},{"ShiftLock":true,"VVelocity":[-15.096362113952637,0.009809965267777443,5.300926685333252],"AAnimation":{"Name":"Idle","Weight":0},"CCFrame":[159.83261108398438,-16.555973052978517,-239.52012634277345,-0.3320721387863159,-2.1316552079042596e-8,0.9432539939880371,-4.747078730105159e-9,1,2.0927746646748348e-8,-0.9432539939880371,2.4718205260398919e-9,-0.3320721387863159],"CCameraCFrame":[174.67041015625,2.1437435150146486,-246.5989532470703,-0.3320721387863159,-0.6863771677017212,0.6470041871070862,-1.4901162970204497e-8,0.6859279274940491,0.7276694774627686,-0.9432540535926819,0.24163874983787538,-0.22777752578258515],"time":0.1326901912689209},{"ShiftLock":true,"VVelocity":[-15.09367561340332,0.008436997421085835,5.308568954467773],"AAnimation":{"Name":"Idle","Weight":0},"CCFrame":[159.76971435546876,-16.555938720703126,-239.4980010986328,-0.33207201957702639,-2.7578563432939519e-8,0.9432540535926819,-6.227165894046038e-9,1,2.7045414796589286e-8,-0.9432540535926819,3.1072260320286206e-9,-0.33207201957702639],"CCameraCFrame":[174.4649200439453,2.22308349609375,-246.52670288085938,-0.3320719301700592,-0.689539909362793,0.6436325907707214,-1.4901162970204497e-8,0.6823534369468689,0.7310223579406738,-0.9432541728019714,0.24275198578834535,-0.22659039497375489],"time":0.13827729225158692},{"ShiftLock":true,"VVelocity":[-15.092668533325196,0.007264169864356518,5.311432361602783],"AAnimation":{"Name":"Idle","Weight":0},"CCFrame":[159.7068328857422,-16.555908203125,-239.4758758544922,-0.33207225799560549,-3.3839235413779537e-8,0.9432539343833923,-7.706939086915554e-9,1,3.3161775547796427e-8,-0.9432539343833923,3.742504972592542e-9,-0.33207225799560549],"CCameraCFrame":[174.35203552246095,2.2724342346191408,-246.4869842529297,-0.3320722281932831,-0.691507875919342,0.6415176391601563,1.4901162970204497e-8,0.680111289024353,0.7331088185310364,-0.9432540535926819,0.24344509840011598,-0.2258460372686386],"time":0.143707275390625},{"ShiftLock":true,"VVelocity":[-15.092148780822754,0.00536287622526288,5.312912940979004],"AAnimation":{"Name":"Idle","Weight":0},"CCFrame":[159.58106994628907,-16.555858612060548,-239.4315948486328,-0.3328423798084259,-4.6353502369811397e-8,0.9429824948310852,-1.0675520911718195e-8,1,4.5388155456294046e-8,-0.9429824948310852,5.040273087786318e-9,-0.3328423798084259],"CCameraCFrame":[174.193115234375,2.36083984375,-246.44488525390626,-0.33284252882003786,-0.6948344111442566,0.6375116109848023,0,0.6760588884353638,0.7368476390838623,-0.9429824948310852,0.24525423347949983,-0.2250211089849472],"time":0.15051651000976563},{"ShiftLock":true,"VVelocity":[-15.089380264282227,0.004597595427185297,5.320767402648926],"AAnimation":{"Name":"Idle","Weight":0},"CCFrame":[159.51820373535157,-16.55583953857422,-239.409423828125,-0.3328423798084259,-5.2610161560551208e-8,0.9429824948310852,-1.2159335760486556e-8,1,5.1499387865305837e-8,-0.9429824948310852,5.675138137206659e-9,-0.3328423798084259],"CCameraCFrame":[173.9563446044922,2.468172073364258,-246.36141967773438,-0.3328423500061035,-0.6991144418716431,0.6328150033950806,-1.4901162970204497e-8,0.6710782051086426,0.7413864731788635,-0.9429824948310852,0.24676479399204255,-0.2233632653951645],"time":0.1566324234008789},{"ShiftLock":true,"VVelocity":[-15.087953567504883,0.003376488573849201,5.32481575012207],"AAnimation":{"Name":"Idle","Weight":0},"CCFrame":[159.39247131347657,-16.555809020996095,-239.36505126953126,-0.33284270763397219,-6.511947248100114e-8,0.9429823756217957,-1.5126017771649459e-8,1,6.37179340401417e-8,-0.9429823756217957,6.944480546167142e-9,-0.33284270763397219],"CCameraCFrame":[173.82247924804688,2.5360488891601564,-246.31419372558595,-0.3328426480293274,-0.7018215656280518,0.6298112273216248,-1.4901162970204497e-8,0.6678929328918457,0.7442573308944702,-0.9429824352264404,0.24772056937217713,-0.22230324149131776],"time":0.16284990310668946},{"ShiftLock":true,"VVelocity":[-15.087806701660157,0.0029017706401646139,5.32523250579834],"AAnimation":{"Name":"Idle","Weight":0},"CCFrame":[159.32960510253907,-16.555797576904298,-239.34286499023438,-0.332072913646698,-7.137776947274688e-8,0.9432536959648132,-1.6603900476752643e-8,1,6.982645572861657e-8,-0.9432536959648132,7.525785328255097e-9,-0.332072913646698],"CCameraCFrame":[173.62086486816407,2.613241195678711,-246.2294464111328,-0.3320728838443756,-0.7051027417182922,0.6265442967414856,-1.4901162970204497e-8,0.6642373204231262,0.7475217580795288,-0.9432538151741028,0.2482316941022873,-0.22057518362998963],"time":0.16863322257995606},{"ShiftLock":true,"VVelocity":[-15.091462135314942,0.0021656351163983347,5.3148627281188969],"AAnimation":{"Name":"Idle","Weight":0},"CCFrame":[159.20384216308595,-16.55577850341797,-239.29856872558595,-0.3320727050304413,-8.387906547113744e-8,0.9432538151741028,-1.9558710206979414e-8,1,8.203958401509226e-8,-0.9432538151741028,8.794279082735557e-9,-0.3320727050304413],"CCameraCFrame":[173.47613525390626,2.689990997314453,-246.17843627929688,-0.3320726752281189,-0.7081651091575623,0.6230810284614563,0,0.6605656147003174,0.7507683634757996,-0.9432538151741028,0.24930965900421143,-0.2193557769060135],"time":0.17415070533752442},{"ShiftLock":true,"VVelocity":[-15.091836929321289,0.0018644153606146575,5.313799858093262],"AAnimation":{"Name":"Idle","Weight":0},"CCFrame":[159.14096069335938,-16.555770874023439,-239.27642822265626,-0.3313022255897522,-9.01348613524533e-8,0.9435246586799622,-2.103065632752532e-8,1,8.814539853574388e-8,-0.9435246586799622,9.359824026944353e-9,-0.3313022255897522],"CCameraCFrame":[173.3046112060547,2.737751007080078,-246.10455322265626,-0.3313022255897522,-0.7102742195129395,0.621087372303009,1.4901162970204497e-8,0.6582630276679993,0.7527880668640137,-0.9435247778892517,0.24940037727355958,-0.2180839627981186],"time":0.1818852424621582},{"ShiftLock":true,"VVelocity":[-15.091836929321289,52.999996185302737,5.313799858093262],"AAnimation":{"Name":"Idle","Weight":0},"CCFrame":[159.0780792236328,-16.334938049316408,-239.25428771972657,-0.33130255341529848,-9.638216624807683e-8,0.9435245394706726,-2.2502289809267496e-8,1,9.42499056577617e-8,-0.9435245394706726,9.993772920324773e-9,-0.33130255341529848],"CCameraCFrame":[173.0868377685547,2.8799800872802736,-246.0280303955078,-0.3313024938106537,-0.7159512042999268,0.6145343780517578,0,0.651317834854126,0.7588050365447998,-0.9435245990753174,0.25139400362968447,-0.2157832235097885],"time":0.1874079704284668},{"ShiftLock":true,"VVelocity":[-15.091836929321289,51.364994049072269,5.313799858093262],"AAnimation":{"Name":"Idle","Weight":0},"CCFrame":[158.9523162841797,-15.903491020202637,-239.2100067138672,-0.33053210377693179,-1.088808971871913e-7,0.9437947273254395,-2.5434644612687408e-8,1,1.0645739934034282e-7,-0.9437947273254395,1.1182504700002483e-8,-0.33053210377693179],"CCameraCFrame":[172.9775390625,3.147886276245117,-245.976318359375,-0.330532044172287,-0.718035876750946,0.6125137805938721,-1.4901162970204497e-8,0.6489904522895813,0.7607965469360352,-0.943794846534729,0.25146764516830447,-0.21451212465763093],"time":0.1928725242614746},{"ShiftLock":true,"VVelocity":[-15.099468231201172,49.7299919128418,5.2920684814453129],"AAnimation":{"Name":"Idle","Weight":0},"CCFrame":[158.8264923095703,-15.485668182373047,-239.16587829589845,-0.3305317759513855,-1.2136617044689047e-7,0.943794846534729,-2.8365743531821864e-8,1,1.186596705338161e-7,-0.943794846534729,1.2449350883514399e-8,-0.3305317759513855],"CCameraCFrame":[172.7579803466797,3.663638114929199,-245.89918518066407,-0.3305318355560303,-0.7214020490646362,0.6085456013679504,0,0.6447858810424805,0.7643632292747498,-0.943794846534729,0.25264638662338259,-0.21312226355075837],"time":0.19922852516174317},{"ShiftLock":true,"VVelocity":[-15.100249290466309,48.91249084472656,5.289844036102295],"AAnimation":{"Name":"Idle","Weight":0},"CCFrame":[158.76358032226563,-15.281866073608399,-239.1438446044922,-0.32977157831192019,-1.2761691436935508e-7,0.944060742855072,-2.982723046329738e-8,1,1.24759708342026e-7,-0.944060742855072,1.2983489838802598e-8,-0.32977157831192019],"CCameraCFrame":[172.53285217285157,4.1744842529296879,-245.80718994140626,-0.32976099848747256,-0.7253236174583435,0.6042875051498413,-1.4901162970204497e-8,0.6400914192199707,0.7682987451553345,-0.9440645575523377,0.2533549666404724,-0.21107715368270875],"time":0.20570731163024903},{"ShiftLock":true,"VVelocity":[-15.10323715209961,48.09498977661133,5.281301021575928],"AAnimation":{"Name":"Idle","Weight":0},"CCFrame":[158.70065307617188,-15.081470489501954,-239.12184143066407,-0.3290071487426758,-1.3386689090566507e-7,0.9443274140357971,-3.1284294266242799e-8,1,1.3085940508972272e-7,-0.9443274140357971,1.3511065155569213e-8,-0.3290071487426758],"CCameraCFrame":[172.3700408935547,4.470632553100586,-245.73727416992188,-0.32899022102355959,-0.7292196154594421,0.6000036597251892,0,0.6353728175163269,0.772205650806427,-0.9443334341049194,0.25404810905456545,-0.20903140306472779],"time":0.21172761917114259},{"ShiftLock":true,"VVelocity":[-15.108474731445313,46.45998764038086,5.266297817230225],"AAnimation":{"Name":"Idle","Weight":0},"CCFrame":[158.5747528076172,-14.690896987915039,-239.07794189453126,-0.328262060880661,-1.4635257628015098e-7,0.9445866942405701,-3.4189117315008846e-8,1,1.4305685169802019e-7,-0.9445866942405701,1.4665546110848027e-8,-0.328262060880661],"CCameraCFrame":[172.2172088623047,4.75355339050293,-245.67103576660157,-0.3282186686992645,-0.7327247858047485,0.5961433053016663,0,0.6311054229736328,0.7756969928741455,-0.944601833820343,0.2545982301235199,-0.20714059472084046],"time":0.21679353713989259},{"ShiftLock":true,"VVelocity":[-15.111696243286133,45.642486572265628,5.257048606872559],"AAnimation":{"Name":"Idle","Weight":0},"CCFrame":[158.51177978515626,-14.500720024108887,-239.0560302734375,-0.3282318711280823,-1.5258844143772877e-7,0.9445971846580505,-3.563974004805459e-8,1,1.4915389101588517e-7,-0.9445971846580505,1.5291861998889545e-8,-0.3282318711280823],"CCameraCFrame":[172.00625610351563,5.217016220092773,-245.5975799560547,-0.3282184898853302,-0.7356377243995667,0.5925450325012207,0,0.6272960901260376,0.7787807583808899,-0.944601833820343,0.25561025738716128,-0.20589017868041993],"time":0.2229928970336914},{"ShiftLock":true,"VVelocity":[-15.113357543945313,44.007484436035159,5.25227689743042],"AAnimation":{"Name":"Idle","Weight":0},"CCFrame":[158.38583374023438,-14.130584716796875,-239.0122528076172,-0.3282308280467987,-1.65054999001768e-7,0.9445975422859192,-3.853783070439931e-8,1,1.613445874681929e-7,-0.9445975422859192,1.6555526727302096e-8,-0.3282308280467987],"CCameraCFrame":[171.84719848632813,5.4886674880981449,-245.5422821044922,-0.3282184898853302,-0.7388936877250671,0.5884799957275391,0,0.6229926347732544,0.782227635383606,-0.9446018934249878,0.25674158334732058,-0.2044777125120163],"time":0.22919249534606934},{"ShiftLock":true,"VVelocity":[-15.113527297973633,43.18998336791992,5.25178861618042],"AAnimation":{"Name":"Idle","Weight":0},"CCFrame":[158.32286071777345,-13.950626373291016,-238.99037170410157,-0.3282209634780884,-1.712863877401105e-7,0.9446009993553162,-3.9985799560326998e-8,1,1.6743811670494325e-7,-0.9446009993553162,1.7186074785513484e-8,-0.3282209634780884],"CCameraCFrame":[171.635498046875,5.930746078491211,-245.46871948242188,-0.3282182812690735,-0.7417687773704529,0.5848518013954163,1.4901162970204497e-8,0.6191516518592835,0.7852713465690613,-0.9446018934249878,0.25774040818214419,-0.20321688055992127],"time":0.2358407974243164},{"ShiftLock":true,"VVelocity":[-15.113614082336426,41.55498123168945,5.251533508300781],"AAnimation":{"Name":"Idle","Weight":0},"CCFrame":[158.19691467285157,-13.60092830657959,-238.9466094970703,-0.3282202482223511,-1.4881864274229884e-7,0.9446012377738953,-3.4732902776113409e-8,1,1.4547789817243029e-7,-0.9446012377738953,1.4940050974132647e-8,-0.3282202482223511],"CCameraCFrame":[171.48643493652345,6.1822052001953129,-245.4169158935547,-0.3282177448272705,-0.7446264028549194,0.5812097191810608,0,0.6152958273887634,0.7882963418960571,-0.9446021318435669,0.2587328553199768,-0.20195099711418153],"time":0.24229645729064942},{"ShiftLock":true,"VVelocity":[-15.113624572753907,40.73748016357422,5.25150203704834],"AAnimation":{"Name":"Idle","Weight":0},"CCFrame":[158.13394165039063,-13.431188583374024,-238.9247283935547,-0.3282177448272705,-1.3758838690591802e-7,0.9446020722389221,-3.210719867752232e-8,1,1.3450133451442526e-7,-0.9446020722389221,1.3817192723308836e-8,-0.3282177448272705],"CCameraCFrame":[171.26324462890626,6.611804008483887,-245.33935546875,-0.32821717858314516,-0.7478196024894714,0.577095627784729,1.4901162970204497e-8,0.6109403371810913,0.7916766405105591,-0.944602370262146,0.2598418593406677,-0.2005210965871811],"time":0.24799323081970216},{"ShiftLock":true,"VVelocity":[-15.11363410949707,39.10247802734375,5.25147819519043],"AAnimation":{"Name":"Idle","Weight":0},"CCFrame":[158.00799560546876,-13.1019287109375,-238.88096618652345,-0.3282177746295929,-1.151350090822234e-7,0.9446020722389221,-2.6857396306922966e-8,1,1.1255526288778128e-7,-0.9446020722389221,1.1573084712779292e-8,-0.3282177746295929],"CCameraCFrame":[171.15692138671876,6.816869735717773,-245.3024139404297,-0.3282173275947571,-0.7492312788963318,0.5752615332603455,1.4901159417490817e-8,0.6089986562728882,0.793171226978302,-0.9446021914482117,0.26033255457878115,-0.19988392293453217],"time":0.2538168430328369},{"ShiftLock":true,"VVelocity":[-15.113635063171387,38.284976959228519,5.2514777183532719],"AAnimation":{"Name":"Idle","Weight":0},"CCFrame":[157.9450225830078,-12.942407608032227,-238.8590850830078,-0.328217089176178,-1.039119226220464e-7,0.9446023106575012,-2.4233324680267289e-8,1,1.0158574070828763e-7,-0.9446023106575012,1.045132425048223e-8,-0.328217089176178],"CCameraCFrame":[170.97666931152345,7.190130233764648,-245.23977661132813,-0.32821694016456606,-0.7509897947311401,0.5729640126228333,0,0.6065663695335388,0.7950327396392822,-0.944602370262146,0.260943204164505,-0.19908536970615388],"time":0.2595787048339844},{"ShiftLock":true,"VVelocity":[-15.113636016845704,37.46747589111328,5.251473903656006],"AAnimation":{"Name":"Idle","Weight":0},"CCFrame":[157.88204956054688,-12.786293029785157,-238.8372039794922,-0.3289777934551239,-9.268264022921358e-8,0.9443376660346985,-2.159977974258709e-8,1,9.062097205969622e-8,-0.9443376660346985,9.41480227112379e-9,-0.3289777934551239],"CCameraCFrame":[170.86497497558595,7.384731292724609,-245.21331787109376,-0.3289884328842163,-0.7521779537200928,0.5709596872329712,0,0.6046162843704224,0.7965168356895447,-0.9443340301513672,0.2620448172092438,-0.19891175627708436],"time":0.265704870223999},{"ShiftLock":true,"VVelocity":[-15.109946250915528,35.83247375488281,5.26207971572876],"AAnimation":{"Name":"Idle","Weight":0},"CCFrame":[157.75613403320313,-12.484283447265625,-238.79336547851563,-0.32897835969924929,-7.024826231827319e-8,0.9443374872207642,-1.6335530261812893e-8,1,6.869814228593896e-8,-0.9443374872207642,7.173948990413237e-9,-0.32897835969924929],"CCameraCFrame":[170.75839233398438,7.575811386108398,-245.17623901367188,-0.32898810505867007,-0.7535750269889832,0.5691147446632385,0,0.6026625633239746,0.7979961633682251,-0.9443341493606567,0.26253125071525576,-0.1982688009738922],"time":0.2721071243286133},{"ShiftLock":true,"VVelocity":[-15.109429359436036,34.197471618652347,5.263566493988037],"AAnimation":{"Name":"Idle","Weight":0},"CCFrame":[157.63021850585938,-12.195898056030274,-238.74951171875,-0.3289852440357208,-4.782346607612453e-8,0.9443350434303284,-1.107396307986619e-8,1,4.678455667317394e-8,-0.9443350434303284,4.933897734815673e-9,-0.3289852440357208],"CCameraCFrame":[170.5887908935547,7.912670135498047,-245.1171875,-0.3289884924888611,-0.7549670934677124,0.5672664642333984,-1.4901161193847657e-8,0.6007053256034851,0.7994704842567444,-0.9443339109420776,0.26301658153533938,-0.19762516021728517],"time":0.2783243656158447},{"ShiftLock":true,"VVelocity":[-15.109374046325684,33.37997055053711,5.2637224197387699],"AAnimation":{"Name":"Idle","Weight":0},"CCFrame":[157.5672607421875,-12.056815147399903,-238.7275848388672,-0.3289880156517029,-3.6614679288504706e-8,0.944334089756012,-8.44406233824202e-9,1,3.583126328976505e-8,-0.944334089756012,3.814040638872029e-9,-0.3289880156517029],"CCameraCFrame":[170.4081573486328,8.244453430175782,-245.0542755126953,-0.32898879051208498,-0.7567009329795837,0.5649514198303223,0,0.5982539653778076,0.8013065457344055,-0.9443339109420776,0.26362088322639468,-0.19681882858276368],"time":0.2833681106567383},{"ShiftLock":true,"VVelocity":[-15.109353065490723,32.562469482421878,5.263783931732178],"AAnimation":{"Name":"Idle","Weight":0},"CCFrame":[157.50430297851563,-11.921137809753418,-238.70565795898438,-0.3289884924888611,-2.5408299464402263e-8,0.9443339109420776,-5.814732695341718e-9,1,2.4880309368313648e-8,-0.9443339109420776,2.694285461402046e-9,-0.3289884924888611],"CCameraCFrame":[170.3123016357422,8.40949535369873,-245.02088928222657,-0.3289889097213745,-0.7577379941940308,0.5635597109794617,1.4901162970204497e-8,0.5967802405357361,0.8024047613143921,-0.9443338513374329,0.26398226618766787,-0.19633404910564423],"time":0.28943324089050295},{"ShiftLock":true,"VVelocity":[-15.109341621398926,30.927471160888673,5.263816833496094],"AAnimation":{"Name":"Idle","Weight":0},"CCFrame":[157.37838745117188,-11.660002708435059,-238.66180419921876,-0.3289884328842163,-3.0027331732185304e-9,0.9443339705467224,-5.577774353504594e-10,1,2.9854172467480568e-9,-0.9443339705467224,4.554396026978935e-10,-0.3289884328842163],"CCameraCFrame":[170.20541381835938,8.579682350158692,-244.98365783691407,-0.32898885011672976,-0.7591165900230408,0.561701238155365,0,0.5948121547698975,0.8038647174835205,-0.9443337917327881,0.26446253061294558,-0.19568657875061036],"time":0.29648423194885256},{"ShiftLock":true,"VVelocity":[-15.10934066772461,30.10997200012207,5.263819694519043],"AAnimation":{"Name":"Idle","Weight":0},"CCFrame":[157.3154296875,-11.534544944763184,-238.63987731933595,-0.32898858189582827,8.196460399290118e-9,0.9443339109420776,2.0698569525023915e-9,1,-7.958520953366133e-9,-0.9443339109420776,-6.636265426074317e-10,-0.32898858189582827],"CCameraCFrame":[170.01345825195313,8.892365455627442,-244.9167938232422,-0.328988641500473,-0.7611761689186096,0.5589072704315186,0,0.5918534994125366,0.8060455918312073,-0.9443339109420776,0.265179842710495,-0.19471308588981629],"time":0.3026597499847412},{"ShiftLock":true,"VVelocity":[-15.10934066772461,28.474973678588868,5.263818740844727],"AAnimation":{"Name":"Idle","Weight":0},"CCFrame":[157.18951416015626,-11.29384708404541,-238.5960235595703,-0.32973164319992068,3.058718078818856e-8,0.9440746903419495,7.34063121399231e-9,1,-2.983529157063458e-8,-0.9440746903419495,-2.9075357677044168e-9,-0.32973164319992068],"CCameraCFrame":[169.89022827148438,9.060582160949707,-244.8859100341797,-0.3297593295574188,-0.7626672983169556,0.5564147233963013,-1.4901162970204497e-8,0.5893818140029907,0.8078545928001404,-0.9440650939941406,0.2663975954055786,-0.19435414671897889],"time":0.30886054039001467},{"ShiftLock":true,"VVelocity":[-15.10665225982666,27.657474517822267,5.2715253829956059],"AAnimation":{"Name":"Idle","Weight":0},"CCFrame":[157.12657165527345,-11.178607940673829,-238.57406616210938,-0.3297496736049652,4.1779188109103418e-8,0.944068431854248,9.97535742897071e-9,1,-4.077016058090521e-8,-0.944068431854248,-4.026527555822668e-9,-0.3297496736049652],"CCameraCFrame":[169.72010803222657,9.335362434387207,-244.8266143798828,-0.3297596573829651,-0.7640284895896912,0.5545439124107361,1.4901164746561336e-8,0.5874001979827881,0.8092964887619019,-0.9440649747848511,0.2668733298778534,-0.1937008500099182],"time":0.3133084774017334},{"ShiftLock":true,"VVelocity":[-15.105642318725586,26.839975357055665,5.274417877197266],"AAnimation":{"Name":"Idle","Weight":0},"CCFrame":[157.06362915039063,-11.066774368286133,-238.55209350585938,-0.3297542333602905,5.2968868402558658e-8,0.9440668225288391,1.260970083905022e-8,1,-5.1702659931152087e-8,-0.9440668225288391,-5.144771275666926e-9,-0.3297542333602905],"CCameraCFrame":[169.6239471435547,9.476091384887696,-244.79306030273438,-0.32976001501083376,-0.7650464177131653,0.5531386733055115,0,0.5859118103981018,0.8103748559951782,-0.9440648555755615,0.26722922921180727,-0.19321027398109437],"time":0.31967878341674807},{"ShiftLock":true,"VVelocity":[-15.105121612548829,25.20497703552246,5.275915145874023],"AAnimation":{"Name":"Idle","Weight":0},"CCFrame":[156.937744140625,-10.853326797485352,-238.50811767578126,-0.3297549784183502,7.534112711482521e-8,0.9440665245056152,1.787702075262132e-8,1,-7.356059228413869e-8,-0.9440665245056152,-7.379873157020711e-9,-0.3297549784183502],"CCameraCFrame":[169.5055389404297,9.630252838134766,-244.75172424316407,-0.3297603726387024,-0.7667369842529297,0.5507926344871521,-1.4901164746561336e-8,0.5834268927574158,0.8121656179428101,-0.9440647959709168,0.2678200304508209,-0.1923910230398178],"time":0.32674121856689455},{"ShiftLock":true,"VVelocity":[-15.105067253112793,24.38747787475586,5.276071548461914],"AAnimation":{"Name":"Idle","Weight":0},"CCFrame":[156.8748016357422,-10.75171184539795,-238.4861297607422,-0.3297593295574188,8.652365579564503e-8,0.9440650343894959,2.050996705804664e-8,1,-8.448602528687843e-8,-0.9440650343894959,-8.497313075395141e-9,-0.3297593295574188],"CCameraCFrame":[169.32408142089845,9.88585090637207,-244.68833923339845,-0.32976052165031435,-0.768420398235321,0.5484415292739868,-1.4901161193847657e-8,0.5809364318847656,0.813948929309845,-0.9440646171569824,0.2684082090854645,-0.19156989455223084],"time":0.33176088333129885},{"ShiftLock":true,"VVelocity":[-15.105037689208985,22.752479553222658,5.2761549949646],"AAnimation":{"Name":"Idle","Weight":0},"CCFrame":[156.74891662597657,-10.558701515197754,-238.44215393066407,-0.3305026590824127,1.0887470835996283e-7,0.9438050389289856,2.5789205437831698e-8,1,-1.0632630420559508e-7,-0.9438050389289856,-1.0801143979222161e-8,-0.3305026590824127],"CCameraCFrame":[169.2338409423828,10.004273414611817,-244.66867065429688,-0.33053135871887209,-0.768872082233429,0.547343373298645,-1.4901161193847657e-8,0.5799388289451599,0.8146600127220154,-0.9437950253486633,0.2692706882953644,-0.19168798625469209],"time":0.338543176651001},{"ShiftLock":true,"VVelocity":[-15.101326942443848,21.117481231689454,5.286766052246094],"AAnimation":{"Name":"Idle","Weight":0},"CCFrame":[156.62306213378907,-10.379316329956055,-238.39810180664063,-0.3305153548717499,1.3122297559675645e-7,0.9438006281852722,3.1067667549677938e-8,1,-1.281569836919516e-7,-0.9438006281852722,-1.3036169477231852e-8,-0.3305153548717499],"CCameraCFrame":[169.05223083496095,10.239178657531739,-244.6051788330078,-0.33053141832351687,-0.7705448865890503,0.544985830783844,0,0.5774409770965576,0.8164324164390564,-0.9437950849533081,0.2698565721511841,-0.19086234271526338],"time":0.3441617488861084},{"ShiftLock":true,"VVelocity":[-15.100947380065918,20.29998207092285,5.287851333618164],"AAnimation":{"Name":"Idle","Weight":0},"CCFrame":[156.5601348876953,-10.294733047485352,-238.37606811523438,-0.33052822947502139,1.4239348899991456e-7,0.9437960982322693,3.370670498270556e-8,1,-1.3906867479818175e-7,-0.9437960982322693,-1.4153865635080365e-8,-0.33052822947502139],"CCameraCFrame":[168.904052734375,10.435270309448243,-244.55331420898438,-0.3305317759513855,-0.7712118029594421,0.5440413951873779,1.4901162970204497e-8,0.5764402747154236,0.817139208316803,-0.943794846534729,0.2700904607772827,-0.19053182005882264],"time":0.3499569892883301},{"ShiftLock":true,"VVelocity":[-15.10080337524414,19.48248291015625,5.288261890411377],"AAnimation":{"Name":"Idle","Weight":0},"CCFrame":[156.49720764160157,-10.213556289672852,-238.35403442382813,-0.3312899172306061,1.535502036631442e-7,0.9435290098190308,3.6352645338411096e-8,1,-1.4997624475654448e-7,-0.9435290098190308,-1.5385841933834855e-8,-0.3312899172306061],"CCameraCFrame":[168.80258178710938,10.544862747192383,-244.529541015625,-0.3313026428222656,-0.7719892859458923,0.5424675941467285,0,0.5749374628067017,0.8181972503662109,-0.9435246586799622,0.2710708975791931,-0.19047826528549195],"time":0.3557474613189697},{"ShiftLock":true,"VVelocity":[-15.097013473510743,17.847484588623048,5.299072265625],"AAnimation":{"Name":"Idle","Weight":0},"CCFrame":[156.37139892578126,-10.061420440673829,-238.3098907470703,-0.3312910199165344,1.399184554884414e-7,0.9435286521911621,3.312822016710015e-8,1,-1.3666080178609264e-7,-0.9435286521911621,-1.401707105941341e-8,-0.3312910199165344],"CCameraCFrame":[168.7061004638672,10.650981903076172,-244.4957275390625,-0.3313027024269104,-0.7729848623275757,0.5410480499267578,-1.4901162970204497e-8,0.573432981967926,0.8192524909973145,-0.9435245990753174,0.27142056822776797,-0.1899798959493637],"time":0.36307191848754885},{"ShiftLock":true,"VVelocity":[-15.096625328063965,17.029985427856447,5.3001790046691898],"AAnimation":{"Name":"Idle","Weight":0},"CCFrame":[156.30850219726563,-9.990462303161621,-238.28781127929688,-0.3313005268573761,1.3310467750216049e-7,0.9435252547264099,3.151698990677687e-8,1,-1.3000509113680892e-7,-0.9435252547264099,-1.3333676385229865e-8,-0.3313005268573761],"CCameraCFrame":[168.52426147460938,10.844545364379883,-244.43191528320313,-0.33130311965942385,-0.7746384143829346,0.5386776328086853,1.4901161193847657e-8,0.5709207057952881,0.8210051655769348,-0.9435244202613831,0.27200156450271609,-0.18914780020713807],"time":0.36789846420288088},{"ShiftLock":true,"VVelocity":[-15.09642219543457,15.394986152648926,5.300754547119141],"AAnimation":{"Name":"Idle","Weight":0},"CCFrame":[156.18270874023438,-9.8587646484375,-238.24365234375,-0.33130133152008059,1.1948181111165469e-7,0.9435250163078308,2.8295934484390274e-8,1,-1.1669784072410039e-7,-0.9435250163078308,-1.1964230495209449e-8,-0.33130133152008059],"CCameraCFrame":[168.4389190673828,10.932021141052246,-244.40196228027345,-0.3313036262989044,-0.7752977013587952,0.5377280712127686,1.4901162970204