[{"ShiftLock":false,"VVelocity":[3.424815986363683e-11,-2.2453150450019167e-10,-3.1440094971912915e-10],"AAnimation":{"Name":"Idle","Weight":0},"CCFrame":[133.18370056152345,13.239480972290039,-240.31686401367188,0.11951746791601181,-9.800504408019606e-9,0.9928321242332459,9.047667504091805e-8,1,-1.0203519140716822e-9,-0.9928321242332459,8.99500989248736e-8,0.11951746791601181],"CCameraCFrame":[138.94204711914063,47.6324462890625,-239.62367248535157,0.11951743066310883,-0.9777488112449646,0.17240355908870698,0,0.17364825308322907,0.9848077893257141,-0.9928321242332459,-0.1177016943693161,0.020753992721438409],"time":0},{"ShiftLock":true,"VVelocity":[-0.6739686131477356,-2.2453150450019167e-10,5.105961322784424],"AAnimation":{"Name":"Animation1","Weight":0},"CCFrame":[133.1794891357422,13.239480972290039,-240.2849578857422,0.131671741604805,-6.8106817963098369e-9,0.9912933707237244,8.120866823446704e-8,1,-3.916302837581043e-9,-0.9912933707237244,8.101728354859006e-8,0.131671741604805],"CCameraCFrame":[139.16355895996095,47.63243865966797,-241.28793334960938,0.1316717118024826,-0.9762333035469055,0.17213673889636994,0,0.1736486256122589,0.9848076701164246,-0.9912933707237244,-0.12967130541801454,0.022864611819386483],"time":0.007683515548706055},{"ShiftLock":true,"VVelocity":[-1.0140303373336793,-2.2453150450019167e-10,7.658534526824951],"AAnimation":{"Name":"WalkAnim","Weight":0},"CCFrame":[133.17526245117188,13.239480972290039,-240.2530517578125,0.1316719800233841,-4.765820627028461e-9,0.9912933707237244,7.657616407641399e-8,1,-5.3638156138902108e-9,-0.9912933707237244,7.661570577965904e-8,0.1316719800233841],"CCameraCFrame":[139.15933227539063,47.6324462890625,-241.2560272216797,0.13167205452919007,-0.9762334227561951,0.1721363067626953,0,0.17364820837974549,0.9848077893257141,-0.9912933707237244,-0.12967166304588319,0.02286461554467678],"time":0.010837554931640625},{"ShiftLock":true,"VVelocity":[-1.6941570043563843,-2.2453150450019167e-10,12.763679504394532],"AAnimation":{"Name":"WalkAnim","Weight":0},"CCFrame":[133.1625518798828,13.239480972290039,-240.15733337402345,0.1324823498725891,-7.400038914973095e-10,0.9911853671073914,6.731175972163328e-8,1,-8.250339966764387e-9,-0.9911853671073914,6.781145600598393e-8,0.1324823498725891],"CCameraCFrame":[139.15589904785157,47.6324462890625,-241.21923828125,0.1324823498725891,-0.9761271476745606,0.17211757600307465,-1.862645149230957e-9,0.17364822328090669,0.9848077893257141,-0.9911854267120361,-0.1304696500301361,0.023005323484539987],"time":0.0175936222076416},{"ShiftLock":true,"VVelocity":[-1.960132360458374,-2.2453150450019167e-10,14.698233604431153],"AAnimation":{"Name":"WalkAnim","Weight":0},"CCFrame":[133.15438842773438,13.239480972290039,-240.09608459472657,0.13329251110553742,1.2481363720340256e-9,0.9910767674446106,6.267986663033298e-8,1,-9.689354207864654e-9,-0.9910767674446106,6.341207381410641e-8,0.13329251110553742],"CCameraCFrame":[139.14398193359376,47.6324462890625,-241.11863708496095,0.133292555809021,-0.9760200381278992,0.17209884524345399,0,0.17364835739135743,0.9848077893257141,-0.9910767078399658,-0.13126754760742188,0.02314603142440319],"time":0.0236208438873291},{"ShiftLock":true,"VVelocity":[-2.1084158420562746,-2.2453150450019167e-10,15.694242477416993],"AAnimation":{"Name":"WalkAnim","Weight":0},"CCFrame":[133.13697814941407,13.239480972290039,-239.9664306640625,0.13329251110553742,5.333967045828558e-9,0.9910767674446106,5.3419039858226827e-8,1,-1.25664589845087e-8,-0.9910767674446106,5.461738439294095e-8,0.13329251110553742],"CCameraCFrame":[139.1358184814453,47.6324462890625,-241.05738830566407,0.133292555809021,-0.9760200381278992,0.17209884524345399,0,0.17364835739135743,0.9848077893257141,-0.9910767078399658,-0.13126754760742188,0.02314603142440319],"time":0.02930736541748047},{"ShiftLock":true,"VVelocity":[-2.1235811710357668,-2.2453150450019167e-10,15.796107292175293],"AAnimation":{"Name":"WalkAnim","Weight":0},"CCFrame":[133.1281280517578,13.239480972290039,-239.90061950683595,0.13329251110553742,7.376227628697052e-9,0.9910767674446106,4.8790113282848327e-8,1,-1.4004550408230898e-8,-0.9910767674446106,5.0221448333331867e-8,0.13329251110553742],"CCameraCFrame":[139.118408203125,47.6324462890625,-240.927734375,0.133292555809021,-0.9760200381278992,0.17209884524345399,0,0.17364835739135743,0.9848077893257141,-0.9910767078399658,-0.13126754760742188,0.02314603142440319],"time":0.035683393478393558},{"ShiftLock":true,"VVelocity":[-2.129268169403076,-2.2453150450019167e-10,15.834306716918946],"AAnimation":{"Name":"WalkAnim","Weight":0},"CCFrame":[133.1192626953125,13.239480972290039,-239.8346405029297,0.13410258293151856,9.376996956689254e-9,0.9909674525260925,4.4161001966358529e-8,1,-1.5438549993973539e-8,-0.9909674525260925,4.583246493439219e-8,0.13410258293151856],"CCameraCFrame":[139.1103515625,47.63243865966797,-240.85702514648438,0.13410267233848573,-0.97591233253479,0.17208008468151093,-1.862645149230957e-9,0.17364856600761414,0.9848076701164246,-0.9909674525260925,-0.13206534087657929,0.023286735638976098],"time":0.04090142250061035},{"ShiftLock":true,"VVelocity":[-2.1433398723602297,-2.2453150450019167e-10,15.85250186920166],"AAnimation":{"Name":"WalkAnim","Weight":0},"CCFrame":[133.10142517089845,13.239480972290039,-239.7025604248047,0.13410258293151856,1.3459334979870619e-8,0.9909674525260925,3.490574584930073e-8,1,-1.8305632565329689e-8,-0.9909674525260925,3.70452895026574e-8,0.13410258293151856],"CCameraCFrame":[139.1014862060547,47.63243865966797,-240.79104614257813,0.13410267233848573,-0.97591233253479,0.17208008468151093,-1.862645149230957e-9,0.17364856600761414,0.9848076701164246,-0.9909674525260925,-0.13206534087657929,0.023286735638976098],"time":0.04768729209899902},{"ShiftLock":true,"VVelocity":[-2.1447789669036867,-2.2453150450019167e-10,15.854362487792969],"AAnimation":{"Name":"WalkAnim","Weight":0},"CCFrame":[133.0924835205078,13.239480972290039,-239.63650512695313,0.13410258293151856,1.54998502921444e-8,0.9909674525260925,3.027960104873273e-8,1,-1.9738713774586359e-8,-0.9909674525260925,3.265311221412048e-8,0.13410258293151856],"CCameraCFrame":[139.08364868164063,47.63243865966797,-240.65896606445313,0.13410267233848573,-0.97591233253479,0.17208008468151093,-1.862645149230957e-9,0.17364856600761414,0.9848076701164246,-0.9909674525260925,-0.13206534087657929,0.023286735638976098],"time":0.05373096466064453},{"ShiftLock":true,"VVelocity":[-2.1455211639404299,-2.2453150450019167e-10,15.855321884155274],"AAnimation":{"Name":"WalkAnim","Weight":0},"CCFrame":[133.07460021972657,13.239480972290039,-239.50437927246095,0.13410258293151856,1.957957174170133e-8,0.9909674525260925,2.1030279739875369e-8,1,-2.260395781661373e-8,-0.9909674525260925,2.3871571386280267e-8,0.13410258293151856],"CCameraCFrame":[139.07470703125,47.63243865966797,-240.59291076660157,0.13410267233848573,-0.97591233253479,0.17208008468151093,-1.862645149230957e-9,0.17364856600761414,0.9848076701164246,-0.9909674525260925,-0.13206534087657929,0.023286735638976098],"time":0.05983757972717285},{"ShiftLock":true,"VVelocity":[-2.145596981048584,-2.2453150450019167e-10,15.855420112609864],"AAnimation":{"Name":"WalkAnim","Weight":0},"CCFrame":[133.06565856933595,13.239480972290039,-239.4383087158203,0.13410258293151856,2.1618777878984475e-8,0.9909674525260925,1.6407101455229168e-8,1,-2.403612064938443e-8,-0.9909674525260925,1.94822096233338e-8,0.13410258293151856],"CCameraCFrame":[139.05682373046876,47.63243865966797,-240.46078491210938,0.13410267233848573,-0.97591233253479,0.17208008468151093,-1.862645149230957e-9,0.17364856600761414,0.9848076701164246,-0.9909674525260925,-0.13206534087657929,0.023286735638976098],"time":0.0653691291809082},{"ShiftLock":true,"VVelocity":[-2.1456360816955568,-2.2453150450019167e-10,15.855470657348633],"AAnimation":{"Name":"WalkAnim","Weight":0},"CCFrame":[133.0477752685547,13.239480972290039,-239.30616760253907,0.13491304218769074,2.5679943504997028e-8,0.9908574223518372,7.161370607633444e-9,1,-2.6891965987374534e-8,-0.9908574223518372,1.0723974597226516e-8,0.13491304218769074],"CCameraCFrame":[139.0486602783203,47.6324462890625,-240.3898162841797,0.13491304218769074,-0.9758042097091675,0.17206092178821565,0,0.17364853620529176,0.9848077893257141,-0.9908575415611267,-0.13286341726779939,0.0234274473041296],"time":0.07335758209228516},{"ShiftLock":true,"VVelocity":[-2.1537437438964845,-2.2453150450019167e-10,15.854375839233399],"AAnimation":{"Name":"WalkAnim","Weight":0},"CCFrame":[133.03880310058595,13.239480972290039,-239.2401123046875,0.13491304218769074,2.7717842243646375e-8,0.9908574223518372,2.5399873315734568e-9,1,-2.831943213266186e-8,-0.9908574223518372,6.337426139424451e-9,0.13491304218769074],"CCameraCFrame":[139.03077697753907,47.6324462890625,-240.25767517089845,0.13491304218769074,-0.9758041501045227,0.17206095159053803,0,0.17364856600761414,0.9848077297210693,-0.9908575415611267,-0.13286340236663819,0.0234274510294199],"time":0.07726860046386719},{"ShiftLock":true,"VVelocity":[-2.1579244136810304,-2.2453150450019167e-10,15.853812217712403],"AAnimation":{"Name":"WalkAnim","Weight":0},"CCFrame":[133.0208282470703,13.239480972290039,-239.10800170898438,0.1357232928276062,3.178714180762654e-8,0.990746796131134,-6.702144617065642e-9,1,-3.116588942475573e-8,-0.990746796131134,-2.4101909357199249e-9,0.1357232928276062],"CCameraCFrame":[139.0225830078125,47.6324462890625,-240.18673706054688,0.1357233077287674,-0.9756951332092285,0.17204172909259797,1.8626449271863522e-9,0.17364853620529176,0.9848077893257141,-0.990746796131134,-0.13366137444972993,0.023568155243992807],"time":0.08393383026123047},{"ShiftLock":true,"VVelocity":[-2.166454792022705,-2.2453150450019167e-10,15.85264778137207],"AAnimation":{"Name":"WalkAnim","Weight":0},"CCFrame":[133.0117950439453,13.239480972290039,-239.0419464111328,0.1357232928276062,3.382373492399893e-8,0.990746796131134,-1.1321729331825736e-8,1,-3.2588662435273366e-8,-0.990746796131134,-6.793926310422194e-9,0.1357232928276062],"CCameraCFrame":[139.00460815429688,47.6324462890625,-240.05462646484376,0.1357233077287674,-0.9756950736045837,0.17204175889492036,0,0.17364856600761414,0.9848077297210693,-0.990746796131134,-0.13366135954856873,0.023568158969283105],"time":0.09010076522827149},{"ShiftLock":true,"VVelocity":[-2.1708531379699709,-2.2453150450019167e-10,15.852046966552735],"AAnimation":{"Name":"WalkAnim","Weight":0},"CCFrame":[132.99371337890626,13.239480972290039,-238.9098358154297,0.1365334540605545,3.790115954416251e-8,0.9906354546546936,-2.056026282559742e-8,1,-3.542574233961204e-8,-0.9906354546546936,-1.553092587869287e-8,0.1365334540605545],"CCameraCFrame":[138.99635314941407,47.63243865966797,-239.98367309570313,0.13653351366519929,-0.9755854606628418,0.1720225214958191,0,0.1736486703157425,0.9848076701164246,-0.9906355142593384,-0.1344592571258545,0.02370886132121086],"time":0.09627008438110352},{"ShiftLock":true,"VVelocity":[-2.1794049739837648,-2.2453150450019167e-10,15.850872039794922],"AAnimation":{"Name":"WalkAnim","Weight":0},"CCFrame":[132.98463439941407,13.239480972290039,-238.8437957763672,0.1373438835144043,3.994914266058913e-8,0.9905233979225159,-2.517920627553849e-8,1,-3.684004923343309e-8,-0.9905233979225159,-1.9880838308949934e-8,0.1373438835144043],"CCameraCFrame":[138.97903442382813,47.6324462890625,-239.84666442871095,0.13734395802021027,-0.9754751324653626,0.17200292646884919,1.862645149230957e-9,0.17364852130413056,0.9848077297210693,-0.9905234575271606,-0.13525739312171937,0.023849576711654664],"time":0.10121917724609375},{"ShiftLock":true,"VVelocity":[-2.194958448410034,-2.2453150450019167e-10,15.848725318908692],"AAnimation":{"Name":"WalkAnim","Weight":0},"CCFrame":[132.96636962890626,13.239480972290039,-238.7117156982422,0.13815422356128694,4.403466036251302e-8,0.9904107451438904,-3.441644125246057e-8,1,-3.966019690437861e-8,-0.9904107451438904,-2.8607187729789986e-8,0.13815422356128694],"CCameraCFrame":[138.970703125,47.6324462890625,-239.77572631835938,0.1381543129682541,-0.9753642082214356,0.1719832569360733,1.862645149230957e-9,0.1736484318971634,0.9848077893257141,-0.9904107451438904,-0.13605543971061707,0.02399027906358242],"time":0.10797333717346192},{"ShiftLock":true,"VVelocity":[-2.2046523094177248,-2.2453150450019167e-10,15.847378730773926],"AAnimation":{"Name":"WalkAnim","Weight":0},"CCFrame":[132.95718383789063,13.239480972290039,-238.64569091796876,0.13977214694023133,4.611532133935725e-8,0.9901837110519409,-3.903587497688932e-8,1,-4.1062275357717229e-8,-0.9901837110519409,-3.291332362209687e-8,0.13977214694023133],"CCameraCFrame":[138.95396423339845,47.63243865966797,-239.6338653564453,0.1397722214460373,-0.9751405715942383,0.17194394767284394,-1.862645371275562e-9,0.17364855110645295,0.9848076701164246,-0.9901837706565857,-0.13764876127243043,0.02427123673260212],"time":0.11356115341186524},{"ShiftLock":true,"VVelocity":[-2.2318968772888185,-2.2453150450019167e-10,15.8435640335083],"AAnimation":{"Name":"WalkAnim","Weight":0},"CCFrame":[132.93862915039063,13.239480972290039,-238.51365661621095,0.14058007299900056,5.020882198891741e-8,0.9900693297386169,-4.827406385743416e-8,1,-4.385799101669363e-8,-0.9900693297386169,-4.162910727245617e-8,0.14058007299900056],"CCameraCFrame":[138.94552612304688,47.6324462890625,-239.56295776367188,0.14058007299900056,-0.9750279188156128,0.17192386090755464,-1.8626449271863522e-9,0.17364829778671266,0.9848077893257141,-0.9900692701339722,-0.13844434916973115,0.024411490187048913],"time":0.12093281745910645},{"ShiftLock":true,"VVelocity":[-2.2427618503570558,-2.2453150450019167e-10,15.842029571533204],"AAnimation":{"Name":"WalkAnim","Weight":0},"CCFrame":[132.92929077148438,13.239480972290039,-238.44764709472657,0.14219766855239869,5.230945632206385e-8,0.9898383021354675,-5.289395232921379e-8,1,-4.524785524040453e-8,-0.9898383021354675,-4.5922320168756417e-8,0.14219766855239869],"CCameraCFrame":[138.928466796875,47.63243865966797,-239.421142578125,0.14219772815704347,-0.9748003482818604,0.17188410460948945,0,0.1736486703157425,0.9848076701164246,-0.9898383021354675,-0.1400374174118042,0.02469244785606861],"time":0.12543797492980958},{"ShiftLock":true,"VVelocity":[-2.2630128860473635,-2.2453150450019167e-10,15.839143753051758],"AAnimation":{"Name":"WalkAnim","Weight":0},"CCFrame":[132.91986083984376,13.239480972290039,-238.38165283203126,0.14300566911697389,5.4379171388063699e-8,0.9897218942642212,-5.751398646225425e-8,1,-4.663365160695321e-8,-0.9897218942642212,-5.025397342706128e-8,0.14300566911697389],"CCameraCFrame":[138.91986083984376,47.6324462890625,-239.35023498535157,0.14300568401813508,-0.9746858477592468,0.17186357080936433,1.862645149230957e-9,0.17364835739135743,0.9848077893257141,-0.9897218942642212,-0.14083310961723329,0.024832701310515405],"time":0.13216900825500489},{"ShiftLock":true,"VVelocity":[-2.28456449508667,-2.2453150450019167e-10,15.836055755615235],"AAnimation":{"Name":"WalkAnim","Weight":0},"CCFrame":[132.90084838867188,13.239480972290039,-238.2496795654297,0.14462348818778993,5.852444218135133e-8,0.9894867539405823,-6.675561081692649e-8,1,-4.938925357578228e-8,-0.9894867539405823,-5.89109490078954e-8,0.14462348818778993],"CCameraCFrame":[138.91189575195313,47.6324462890625,-239.27444458007813,0.1446235477924347,-0.9744542837142944,0.1718229055404663,0,0.17364850640296937,0.9848077893257141,-0.9894867539405823,-0.14242640137672425,0.025113660842180253],"time":0.13892698287963868},{"ShiftLock":true,"VVelocity":[-2.3029470443725588,-2.2453150450019167e-10,15.833388328552246],"AAnimation":{"Name":"WalkAnim","Weight":0},"CCFrame":[132.89125061035157,13.239480972290039,-238.18370056152345,0.14543120563030244,6.06034546990486e-8,0.9893683791160584,-7.137607127560841e-8,1,-5.0762842818130596e-8,-0.9893683791160584,-6.323472234726069e-8,0.14543120563030244],"CCameraCFrame":[138.89361572265626,47.6324462890625,-239.13758850097657,0.14543120563030244,-0.974337637424469,0.1718023717403412,-1.8626449271863522e-9,0.17364853620529176,0.9848077297210693,-0.9893683791160584,-0.14322178065776826,0.025253916159272195],"time":0.14506745338439942},{"ShiftLock":true,"VVelocity":[-2.323530912399292,-2.2453150450019167e-10,15.830385208129883],"AAnimation":{"Name":"WalkAnim","Weight":0},"CCFrame":[132.87191772460938,13.239480972290039,-238.05177307128907,0.14704658091068269,6.476722091974807e-8,0.9891295433044434,-8.06184914381447e-8,1,-5.349404830212734e-8,-0.9891295433044434,-7.187601624991658e-8,0.14704658091068269],"CCameraCFrame":[138.88546752929688,47.6324462890625,-239.0618133544922,0.14704665541648866,-0.9741025567054749,0.17176076769828797,-3.725290298461914e-9,0.1736484169960022,0.9848077893257141,-0.9891296029090881,-0.1448126882314682,0.025534413754940034],"time":0.15017414093017579},{"ShiftLock":true,"VVelocity":[-2.3417904376983644,-2.2453150450019167e-10,15.827690124511719],"AAnimation":{"Name":"WalkAnim","Weight":0},"CCFrame":[132.86216735839845,13.239480972290039,-237.98582458496095,0.14866168797016145,6.691415421755664e-8,0.9888880848884583,-8.524044403657172e-8,1,-5.485166809648945e-8,-0.9888880848884583,-7.61389173931093e-8,0.14866168797016145],"CCameraCFrame":[138.86756896972657,47.63243865966797,-238.92010498046876,0.14866168797016145,-0.9738646149635315,0.17171917855739594,-1.8626449271863522e-9,0.17364874482154847,0.9848076701164246,-0.988888144493103,-0.14640316367149354,0.02581491321325302],"time":0.1564774513244629},{"ShiftLock":true,"VVelocity":[-2.364788055419922,-2.2453150450019167e-10,15.824265480041504],"AAnimation":{"Name":"WalkAnim","Weight":0},"CCFrame":[132.85231018066407,13.239480972290039,-237.91989135742188,0.15027745068073274,6.906769556280779e-8,0.9886438846588135,-8.986361876850424e-8,1,-5.620145060447612e-8,-0.9886438846588135,-8.039730658992994e-8,0.15027745068073274],"CCameraCFrame":[138.8592071533203,47.6324462890625,-238.8443603515625,0.15027748048305512,-0.9736241102218628,0.17167626321315766,0,0.17364823818206788,0.9848077893257141,-0.9886438250541687,-0.14799442887306214,0.026095420122146608],"time":0.1620025634765625},{"ShiftLock":true,"VVelocity":[-2.3988635540008547,-2.2453150450019167e-10,15.819140434265137],"AAnimation":{"Name":"WalkAnim","Weight":0},"CCFrame":[132.8323516845703,13.239480972290039,-237.78805541992188,0.15108482539653779,7.319044925679919e-8,0.9885208010673523,-9.910920795164202e-8,1,-5.8892588583603359e-8,-0.9885208010673523,-8.907373683086917e-8,0.15108482539653779],"CCameraCFrame":[138.85006713867188,47.6324462890625,-238.7735137939453,0.15108485519886018,-0.973503053188324,0.17165523767471314,1.8626449271863522e-9,0.17364859580993653,0.9848077893257141,-0.9885208606719971,-0.14878953993320466,0.02623567171394825],"time":0.1690986156463623},{"ShiftLock":true,"VVelocity":[-2.414757013320923,-2.2453150450019167e-10,15.816727638244629],"AAnimation":{"Name":"WalkAnim","Weight":0},"CCFrame":[132.812255859375,13.239480972290039,-237.65625,0.15350741147994996,7.746393748675473e-8,0.988147497177124,-1.083574119320474e-7,1,-6.155991627565527e-8,-0.988147497177124,-9.762320019035542e-8,0.15350741147994996],"CCameraCFrame":[138.83218383789063,47.63243865966797,-238.62698364257813,0.1535075306892395,-0.9731352925300598,0.17159080505371095,0,0.17364899814128877,0.9848076701164246,-0.9881475567817688,-0.151175394654274,0.026656420901417733],"time":0.17522597312927247},{"ShiftLock":true,"VVelocity":[-2.4406089782714845,-2.2453150450019167e-10,15.812747955322266],"AAnimation":{"Name":"WalkAnim","Weight":0},"CCFrame":[132.80209350585938,13.239480972290039,-237.59036254882813,0.1543155461549759,7.957079617426644e-8,0.9880216121673584,-1.1298111957103174e-7,1,-6.288937015597185e-8,-0.9880216121673584,-1.0192297850153409e-7,0.1543155461549759],"CCameraCFrame":[138.81275939941407,47.6324462890625,-238.49026489257813,0.15431565046310426,-0.9730114340782166,0.17156843841075898,0,0.17364847660064698,0.9848077893257141,-0.9880216717720032,-0.1519712507724762,0.026796676218509675],"time":0.18008780479431153},{"ShiftLock":true,"VVelocity":[-2.458385467529297,-2.2453150450019167e-10,15.80999755859375],"AAnimation":{"Name":"WalkAnim","Weight":0},"CCFrame":[132.79185485839845,13.239480972290039,-237.5244903564453,0.1567355990409851,7.13018835085677e-8,0.9876406192779541,-1.019488351516884e-7,1,-5.601518893172397e-8,-0.9876406192779541,-9.190923577762078e-8,0.1567355990409851],"CCameraCFrame":[138.8046417236328,47.63243865966797,-238.40968322753907,0.15673570334911347,-0.9726359844207764,0.17150266468524934,-1.862645371275562e-9,0.1736488789319992,0.9848076105117798,-0.9876406192779541,-0.1543545126914978,0.027216974645853044],"time":0.1870269775390625},{"ShiftLock":true,"VVelocity":[-2.500826120376587,-2.2453150450019167e-10,15.803338050842286],"AAnimation":{"Name":"WalkAnim","Weight":0},"CCFrame":[132.77105712890626,13.239480972290039,-237.39279174804688,0.15915435552597047,5.4495512102903379e-8,0.987253725528717,-7.985773464724844e-8,1,-4.2325297044953916e-8,-0.987253725528717,-7.210358887732582e-8,0.15915435552597047],"CCameraCFrame":[138.79635620117188,47.6324462890625,-238.3291015625,0.1591542810201645,-0.972255289554596,0.17143459618091584,0,0.17364796996116639,0.9848078489303589,-0.9872537851333618,-0.15673638880252839,0.0276368148624897],"time":0.19256019592285157},{"ShiftLock":true,"VVelocity":[-2.5293524265289308,-2.2453150450019167e-10,15.798789024353028],"AAnimation":{"Name":"WalkAnim","Weight":0},"CCFrame":[132.76051330566407,13.239480972290039,-237.32696533203126,0.16237950325012208,4.6217913052259976e-8,0.9867283701896668,-6.879342606680439e-8,1,-3.551866001316739e-8,-0.9867283701896668,-6.211292458147e-8,0.16237950325012208],"CCameraCFrame":[138.77816772460938,47.6324462890625,-238.1777801513672,0.1623794287443161,-0.9717378616333008,0.17134366929531098,0,0.17364825308322907,0.9848077893257141,-0.9867284297943115,-0.15991252660751344,0.028196904808282853],"time":0.19928598403930665},{"ShiftLock":true,"VVelocity":[-2.588407039642334,-2.2453150450019167e-10,15.78921890258789],"AAnimation":{"Name":"WalkAnim","Weight":0},"CCFrame":[132.739013671875,13.239480972290039,-237.19537353515626,0.1656019687652588,2.9400190726391885e-8,0.9861926436424255,-4.662757291384878e-8,1,-2.198208726156281e-8,-0.9861926436424255,-4.234349404441673e-8,0.1656019687652588],"CCameraCFrame":[138.77017211914063,47.6324462890625,-238.09231567382813,0.1656019538640976,-0.971210241317749,0.17125093936920167,1.8626449271863522e-9,0.17364856600761414,0.9848077893257141,-0.9861927032470703,-0.16308610141277314,0.02875654026865959],"time":0.2053368091583252},{"ShiftLock":true,"VVelocity":[-2.6266722679138185,-2.2453150450019167e-10,15.782883644104004],"AAnimation":{"Name":"WalkAnim","Weight":0},"CCFrame":[132.7280731201172,13.239480972290039,-237.12960815429688,0.1672118902206421,2.096182605271224e-8,0.9859209656715393,-3.553716965143394e-8,1,-1.5234068229119658e-8,-0.9859209656715393,-3.2489523960066438e-8,0.1672118902206421],"CCameraCFrame":[138.74990844726563,47.63243865966797,-237.95091247558595,0.16721193492412568,-0.9709425568580627,0.1712038516998291,0,0.1736486554145813,0.9848076701164246,-0.9859209656715393,-0.16467159986495973,0.029036125168204309],"time":0.2111673355102539},{"ShiftLock":true,"VVelocity":[-2.6685397624969484,-2.2453150450019167e-10,15.77588176727295],"AAnimation":{"Name":"WalkAnim","Weight":0},"CCFrame":[132.70587158203126,13.239480972290039,-236.99813842773438,0.1696275919675827,4.03191080522447e-9,0.9855082631111145,-1.3330468284777908e-8,1,-1.7967334287050108e-9,-0.9855082631111145,-1.2832511053773033e-8,0.1696275919675827],"CCameraCFrame":[138.74078369140626,47.6324462890625,-237.87042236328126,0.16962754726409913,-0.9705362915992737,0.1711317002773285,0,0.1736481785774231,0.9848077893257141,-0.9855083227157593,-0.1670505255460739,0.029455510899424554],"time":0.21695470809936524},{"ShiftLock":true,"VVelocity":[-2.6969776153564455,-2.2453150450019167e-10,15.771038055419922],"AAnimation":{"Name":"WalkAnim","Weight":0},"CCFrame":[132.69464111328126,13.239480972290039,-236.9324188232422,0.1728474348783493,-4.428183153493137e-9,0.9849486351013184,-2.20878515477807e-9,1,4.883469184591149e-9,-0.9849486351013184,-3.0196349865008189e-9,0.1728474348783493],"CCameraCFrame":[138.72097778320313,47.6324462890625,-237.71929931640626,0.17284740507602693,-0.9699851274490356,0.17103484272956849,1.862645149230957e-9,0.17364850640296937,0.9848077893257141,-0.9849486947059631,-0.1702214777469635,0.03001469001173973],"time":0.2239086627960205},{"ShiftLock":true,"VVelocity":[-2.739840507507324,-2.2453150450019167e-10,15.763625144958496],"AAnimation":{"Name":"WalkAnim","Weight":0},"CCFrame":[132.6832275390625,13.239480972290039,-236.86672973632813,0.17686979472637177,-1.2916005154295363e-8,0.9842342734336853,8.93771190391135e-9,1,1.1516764431007687e-8,-0.9842342734336853,6.759834914049634e-9,0.17686979472637177],"CCameraCFrame":[138.71266174316407,47.63243865966797,-237.62899780273438,0.1768697202205658,-0.9692814350128174,0.1709110289812088,-1.862645149230957e-9,0.17364872992038728,0.9848076701164246,-0.9842342734336853,-0.17418265342712403,0.030713200569152833],"time":0.22911643981933595},{"ShiftLock":true,"VVelocity":[-2.817248821258545,-2.2453150450019167e-10,15.749980926513672],"AAnimation":{"Name":"WalkAnim","Weight":0},"CCFrame":[132.6598358154297,13.239480972290039,-236.73545837402345,0.17847755551338197,-2.9921974231683637e-8,0.9839439988136292,3.1245196652207599e-8,1,2.4742675464040077e-8,-0.9839439988136292,2.632750906172987e-8,0.17847755551338197],"CCameraCFrame":[138.70236206054688,47.6324462890625,-237.55348205566407,0.17847751080989839,-0.9689956903457642,0.17086033523082734,-1.862645149230957e-9,0.1736484318971634,0.9848077893257141,-0.9839439988136292,-0.17576603591442109,0.030992336571216584],"time":0.23536467552185059},{"ShiftLock":true,"VVelocity":[-2.841243028640747,-2.2453150450019167e-10,15.745682716369629],"AAnimation":{"Name":"WalkAnim","Weight":0},"CCFrame":[132.6479949951172,13.239480972290039,-236.6698455810547,0.18249469995498658,-3.852399643733406e-8,0.9832068085670471,4.242226836481677e-8,1,3.130791625949314e-8,-0.9832068085670471,3.5996333025423158e-8,0.18249469995498658],"CCameraCFrame":[138.68173217773438,47.6324462890625,-237.39761352539063,0.18249471485614777,-0.9682697653770447,0.17073242366313935,1.862645149230957e-9,0.17364853620529176,0.9848077893257141,-0.9832068681716919,-0.17972221970558167,0.03168993815779686],"time":0.24169349670410157},{"ShiftLock":true,"VVelocity":[-2.9088521003723146,-2.2453150450019167e-10,15.733330726623536],"AAnimation":{"Name":"WalkAnim","Weight":0},"CCFrame":[132.62384033203126,13.239480972290039,-236.53872680664063,0.1857067197561264,-5.562547045201427e-8,0.9826052188873291,6.48120277446651e-8,1,4.436109080074857e-8,-0.9826052188873291,5.544648118416262e-8,0.1857067197561264],"CCameraCFrame":[138.67202758789063,47.63243865966797,-237.31231689453126,0.18570666015148164,-0.9676772952079773,0.17062823474407197,0,0.17364883422851563,0.9848076701164246,-0.9826053380966187,-0.18288534879684449,0.032247740775346759],"time":0.24735760688781739},{"ShiftLock":true,"VVelocity":[-2.9625236988067629,-2.2453150450019167e-10,15.723320960998536],"AAnimation":{"Name":"WalkAnim","Weight":0},"CCFrame":[132.59921264648438,13.239480972290039,-236.40768432617188,0.18811386823654176,-7.273796143181244e-8,0.982147216796875,8.72241301408394e-8,1,5.735381591875921e-8,-0.982147216796875,7.487788877824642e-8,0.18811386823654176],"CCameraCFrame":[138.64942932128907,47.63243865966797,-237.16644287109376,0.18811383843421937,-0.9672260880470276,0.17054878175258637,0,0.1736489087343216,0.9848076105117798,-0.9821472764015198,-0.18525594472885133,0.032665759325027469],"time":0.2541322708129883},{"ShiftLock":true,"VVelocity":[-2.992083787918091,-2.2453150450019167e-10,15.717716217041016],"AAnimation":{"Name":"WalkAnim","Weight":0},"CCFrame":[132.5867462158203,13.239480972290039,-236.34219360351563,0.1905193030834198,-6.900844340407275e-8,0.9816834330558777,8.316700217392281e-8,1,5.4155464113136989e-8,-0.9816834330558777,7.132600643444676e-8,0.1905193030834198],"CCameraCFrame":[138.6262969970703,47.6324462890625,-237.0206298828125,0.1905193030834198,-0.9667695164680481,0.17046745121479035,0,0.17364808917045594,0.9848077893257141,-0.9816834330558777,-0.18762488663196565,0.033083315938711169],"time":0.25929951667785647},{"ShiftLock":true,"VVelocity":[-3.040402412414551,-2.2453150450019167e-10,15.708451271057129],"AAnimation":{"Name":"WalkAnim","Weight":0},"CCFrame":[132.56146240234376,13.239480972290039,-236.21128845214845,0.19212371110916139,-6.130199636800171e-8,0.9813706874847412,7.504490895371419e-8,1,4.7774083355989208e-8,-0.9813706874847412,6.44683453288053e-8,0.19212371110916139],"CCameraCFrame":[138.61483764648438,47.6324462890625,-236.94528198242188,0.19212372601032258,-0.9664615392684937,0.170413538813591,0,0.17364849150180818,0.9848077893257141,-0.981370747089386,-0.18920494616031648,0.03336199000477791],"time":0.26514577865600588},{"ShiftLock":true,"VVelocity":[-3.0613880157470705,-2.2453150450019167e-10,15.704376220703125],"AAnimation":{"Name":"WalkAnim","Weight":0},"CCFrame":[132.5487060546875,13.239480972290039,-236.14585876464845,0.19372549653053285,-5.749693698930969e-8,0.9810557961463928,7.097996501670423e-8,1,4.459105085174997e-8,-0.9810557961463928,6.099688221183897e-8,0.19372549653053285],"CCameraCFrame":[138.59054565429688,47.63243865966797,-236.80453491210938,0.19372551143169404,-0.9661512970924377,0.17035914957523347,0,0.17364878952503205,0.9848076701164246,-0.9810557961463928,-0.190782368183136,0.03364020213484764],"time":0.2715728282928467},{"ShiftLock":true,"VVelocity":[-3.085275650024414,-2.2453150450019167e-10,15.699699401855469],"AAnimation":{"Name":"WalkAnim","Weight":0},"CCFrame":[132.53585815429688,13.239480972290039,-236.0804443359375,0.1961282342672348,-5.373680522779978e-8,0.9805782437324524,6.690810039344797e-8,1,4.141866227769242e-8,-0.9805782437324524,5.748525921944747e-8,0.1961282342672348],"CCameraCFrame":[138.57920837402345,47.6324462890625,-236.72434997558595,0.19612827897071839,-0.9656811356544495,0.17027556896209718,0,0.17364811897277833,0.9848077893257141,-0.9805783033370972,-0.1931486576795578,0.03405730798840523],"time":0.27760958671569826},{"ShiftLock":true,"VVelocity":[-3.1306304931640627,-2.2453150450019167e-10,15.690719604492188],"AAnimation":{"Name":"WalkAnim","Weight":0},"CCFrame":[132.50982666015626,13.239480972290039,-235.94967651367188,0.19773024320602418,-4.6014402954597247e-8,0.9802564978599548,5.87566368892567e-8,1,3.508922574724238e-8,-0.9802564978599548,5.0658371719691789e-8,0.19773024320602418],"CCameraCFrame":[138.56729125976563,47.6324462890625,-236.64907836914063,0.19773027300834657,-0.9653641581535339,0.17021983861923219,0,0.17364826798439027,0.9848077893257141,-0.9802564382553101,-0.19472631812095643,0.03433552384376526],"time":0.28382110595703127},{"ShiftLock":true,"VVelocity":[-3.15903639793396,-2.2453150450019167e-10,15.685032844543457],"AAnimation":{"Name":"WalkAnim","Weight":0},"CCFrame":[132.4835205078125,13.239480972290039,-235.8189697265625,0.19852980971336366,-3.8242792044229648e-8,0.980094850063324,5.0603492951495357e-8,1,2.8769143511908625e-8,-0.980094850063324,4.388468965998982e-8,0.19852980971336366],"CCameraCFrame":[138.54173278808595,47.6324462890625,-236.5133819580078,0.19852985441684724,-0.9652050733566284,0.17019197344779969,0,0.17364847660064698,0.9848077893257141,-0.9800949096679688,-0.1955137401819229,0.03447440639138222],"time":0.2900726795196533},{"ShiftLock":true,"VVelocity":[-3.1699371337890627,-2.2453150450019167e-10,15.682835578918457],"AAnimation":{"Name":"WalkAnim","Weight":0},"CCFrame":[132.47030639648438,13.239480972290039,-235.75363159179688,0.2001316100358963,-3.4409264770829398e-8,0.9797690510749817,4.6523069840986867e-8,1,2.5616781584858473e-8,-0.9797690510749817,4.0455134353578617e-8,0.2001316100358963],"CCameraCFrame":[138.516357421875,47.63243865966797,-236.37281799316407,0.2001316249370575,-0.9648841023445129,0.1701357513666153,0,0.17364884912967683,0.9848076701164246,-0.9797690510749817,-0.19709116220474244,0.03475262224674225],"time":0.29595279693603518},{"ShiftLock":true,"VVelocity":[-3.1975820064544679,-2.2453150450019167e-10,15.677223205566407],"AAnimation":{"Name":"WalkAnim","Weight":0},"CCFrame":[132.44369506835938,13.239480972290039,-235.62298583984376,0.20093171298503877,-2.6634378258449943e-8,0.9796052575111389,3.83596905351169e-8,1,1.9320740562989159e-8,-0.9796052575111389,3.369520484852728e-8,0.20093171298503877],"CCameraCFrame":[138.50357055664063,47.6324462890625,-236.30255126953126,0.20093181729316712,-0.9647229313850403,0.17010699212551118,-3.725290298461914e-9,0.17364853620529176,0.9848077893257141,-0.9796053171157837,-0.19787922501564027,0.03489150479435921],"time":0.30325746536254885},{"ShiftLock":true,"VVelocity":[-3.20841121673584,-2.2453150450019167e-10,15.67501163482666],"AAnimation":{"Name":"WalkAnim","Weight":0},"CCFrame":[132.43032836914063,13.239480972290039,-235.55767822265626,0.20253118872642518,-2.2786661446616564e-8,0.9792758226394653,3.4274176385906688e-8,1,1.618039746631439e-8,-0.9792758226394653,3.0286837926496449e-8,0.20253118872642518],"CCameraCFrame":[138.4778594970703,47.63243865966797,-236.16204833984376,0.20253121852874757,-0.9643983244895935,0.17004987597465516,0,0.17364861071109773,0.9848076701164246,-0.9792758226394653,-0.19945429265499116,0.03516926243901253],"time":0.30910682678222659},{"ShiftLock":true,"VVelocity":[-3.228466510772705,-2.2453150450019167e-10,15.67088794708252],"AAnimation":{"Name":"WalkAnim","Weight":0},"CCFrame":[132.4168701171875,13.239480972290039,-235.4923858642578,0.20333100855350495,-1.890951928373852e-8,0.979110062122345,3.0186971144985367e-8,1,1.3044060942490887e-8,-0.979110062122345,2.6904103833658156e-8,0.20333100855350495],"CCameraCFrame":[138.46493530273438,47.6324462890625,-236.09181213378907,0.20333099365234376,-0.9642351865768433,0.17002111673355103,0,0.1736486256122589,0.9848077893257141,-0.979110062122345,-0.20024195313453675,0.035308148711919788],"time":0.3136730194091797},{"ShiftLock":true,"VVelocity":[-3.2498042583465578,-2.2453150450019167e-10,15.666481971740723],"AAnimation":{"Name":"WalkAnim","Weight":0},"CCFrame":[132.3898162841797,13.239480972290039,-235.36183166503907,0.20413057506084443,-1.1130239840895229e-8,0.9789436459541321,2.2010063105426526e-8,1,6.7800765002346e-9,-0.9789436459541321,2.0162591596317726e-8,0.20413057506084443],"CCameraCFrame":[138.451904296875,47.63243865966797,-236.02159118652345,0.20413066446781159,-0.9640711545944214,0.1699923425912857,-3.725290298461914e-9,0.17364874482154847,0.9848076105117798,-0.9789436459541321,-0.201029434800148,0.03544703125953674],"time":0.3195018768310547},{"ShiftLock":true,"VVelocity":[-3.2599830627441408,-2.2453150450019167e-10,15.66436767578125],"AAnimation":{"Name":"WalkAnim","Weight":0},"CCFrame":[132.37623596191407,13.239480972290039,-235.29656982421876,0.20493118464946748,-7.247356048623033e-9,0.9787763953208923,1.7920362083145848e-8,1,3.652432578604703e-9,-0.9787763953208923,1.6791529944271134e-8,0.20493118464946748],"CCameraCFrame":[138.42526245117188,47.6324462890625,-235.8861083984375,0.20493119955062867,-0.9639066457748413,0.16996262967586518,3.725290298461914e-9,0.17364807426929475,0.9848077893257141,-0.9787763953208923,-0.2018178403377533,0.0355859100818634],"time":0.32619261741638186},{"ShiftLock":true,"VVelocity":[-3.2762393951416017,-2.2453150450019167e-10,15.660977363586426],"AAnimation":{"Name":"WalkAnim","Weight":0},"CCFrame":[132.3489532470703,13.239480972290039,-235.1660614013672,0.20573048293590547,5.351745713255696e-10,0.9786086678504944,9.738479356258268e-9,1,-2.5941693237996334e-9,-0.9786086678504944,1.006385996760173e-8,0.20573048293590547],"CCameraCFrame":[138.41212463378907,47.6324462890625,-235.81591796875,0.20573055744171143,-0.9637414216995239,0.16993385553359986,0,0.1736484318971634,0.9848077893257141,-0.9786086678504944,-0.20260505378246308,0.035724788904190066],"time":0.3322465419769287},{"ShiftLock":true,"VVelocity":[-3.285895586013794,-2.2453150450019167e-10,15.658952713012696],"AAnimation":{"Name":"WalkAnim","Weight":0},"CCFrame":[132.33526611328126,13.239480972290039,-235.10081481933595,0.2065303474664688,4.423818200649521e-9,0.9784401655197144,5.646299428008206e-9,1,-5.713124640038814e-9,-0.9784401655197144,6.7045000662346869e-9,0.2065303474664688],"CCameraCFrame":[138.38525390625,47.6324462890625,-235.6804656982422,0.2065303474664688,-0.9635756015777588,0.16990461945533753,0,0.17364846169948579,0.9848077893257141,-0.9784402847290039,-0.20339269936084748,0.03586367145180702],"time":0.33843421936035159},{"ShiftLock":true,"VVelocity":[-3.2975142002105715,-2.2453150450019167e-10,15.656509399414063],"AAnimation":{"Name":"WalkAnim","Weight":0},"CCFrame":[132.321533203125,13.239480972290039,-235.03558349609376,0.2065303474664688,8.319855027139056e-9,0.9784401655197144,1.554995132657666e-9,1,-8.83141204610638e-9,-0.9784401655197144,3.345424381961948e-9,0.2065303474664688],"CCameraCFrame":[138.37158203125,47.6324462890625,-235.61521911621095,0.2065303474664688,-0.9635756015777588,0.16990461945533753,0,0.17364846169948579,0.9848077893257141,-0.9784402847290039,-0.20339269936084748,0.03586367145180702],"time":0.3449244499206543},{"ShiftLock":true,"VVelocity":[-3.3035049438476564,-1.6349999904632569,15.65524959564209],"AAnimation":{"Name":"WalkAnim","Weight":0},"CCFrame":[132.29400634765626,13.229262351989746,-234.90512084960938,0.2065303474664688,1.610942845786667e-8,0.9784401655197144,-6.624988557746292e-9,1,-1.5065987568618767e-8,-0.9784401655197144,-3.3705713775589176e-9,0.2065303474664688],"CCameraCFrame":[138.35784912109376,47.6324462890625,-235.54998779296876,0.2065303474664688,-0.9635756015777588,0.16990461945533753,0,0.17364846169948579,0.9848077893257141,-0.9784402847290039,-0.20339269936084748,0.03586367145180702],"time":0.3505561351776123},{"ShiftLock":true,"VVelocity":[-3.3041176795959474,-2.4524998664855959,15.655120849609375],"AAnimation":{"Name":"WalkAnim","Weight":0},"CCFrame":[132.28024291992188,13.219043731689454,-234.8398895263672,0.2065303474664688,2.000296639437238e-8,0.9784401655197144,-1.0713668174844316e-8,1,-1.8182275240974378e-8,-0.9784401655197144,-6.727491896896254e-9,0.2065303474664688],"CCameraCFrame":[138.330322265625,47.62222671508789,-235.41952514648438,0.20653036236763,-0.963575541973114,0.16990461945533753,0,0.17364846169948579,0.9848077297210693,-0.9784402847290039,-0.20339269936084748,0.03586367145180702],"time":0.3562755584716797},{"ShiftLock":true,"VVelocity":[-3.304347515106201,-3.2699999809265138,15.655072212219239],"AAnimation":{"Name":"WalkAnim","Weight":0},"CCFrame":[132.2664794921875,13.205418586730957,-234.774658203125,0.20732995867729188,2.3901161938510996e-8,0.9782710671424866,-1.4804017567371375e-8,1,-2.1294553675943463e-8,-0.9782710671424866,-1.0067343403363794e-8,0.20732995867729188],"CCameraCFrame":[138.3169708251953,47.612003326416019,-235.349365234375,0.20732997357845307,-0.9634089469909668,0.1698753833770752,0,0.17364859580993653,0.9848076701164246,-0.9782711863517761,-0.20418015122413636,0.03600255027413368],"time":0.36249566078186037},{"ShiftLock":true,"VVelocity":[-3.315460443496704,-2.199197292327881,15.652721405029297],"AAnimation":{"Name":"WalkAnim","Weight":0},"CCFrame":[132.23886108398438,13.179224014282227,-234.64422607421876,0.20732995867729188,3.168407403109086e-8,0.9782710671424866,-2.298209089701686e-8,1,-2.7517113920794146e-8,-0.9782710671424866,-1.67775926485092e-8,0.20732995867729188],"CCameraCFrame":[138.30320739746095,47.5983772277832,-235.2841339111328,0.20732997357845307,-0.9634089469909668,0.1698753833770752,0,0.17364859580993653,0.9848076701164246,-0.9782711863517761,-0.20418015122413636,0.03600255027413368],"time":0.36919403076171877},{"ShiftLock":true,"VVelocity":[-3.3165969848632814,-1.0618302822113038,