[{"ShiftLock":false,"VVelocity":[0,0.00002602225140435621,0],"AAnimation":{"Name":"Idle","Weight":0},"CCFrame":[164.13291931152345,-8.326019287109375,-233.87698364257813,0.9897077083587647,0,0.1431034803390503,0,1,0,-0.1431034803390503,0,0.9897077083587647],"CCameraCFrame":[164.99224853515626,27.10803985595703,-227.933837890625,0.9897078275680542,-0.14091414213180543,0.02493608184158802,-1.862645149230957e-9,0.17425212264060975,0.9847011566162109,-0.1431034654378891,-0.9745664596557617,0.17245866358280183],"time":0},{"ShiftLock":true,"VVelocity":[-5.0972442626953129,0.00002602225140435621,0.7370085716247559],"AAnimation":{"Name":"Idle","Weight":0},"CCFrame":[164.10105895996095,-8.326019287109375,-233.87237548828126,0.9897080063819885,-5.747716969040084e-9,0.14310148358345033,7.808299784528572e-9,1,-1.3837873957811553e-8,-0.14310148358345033,1.4812834514543738e-8,0.9897080063819885],"CCameraCFrame":[166.3264617919922,11.400274276733399,-230.93528747558595,0.9897081255912781,-0.14091220498085023,0.02493576519191265,1.862645371275562e-9,0.17425233125686646,0.9847009778022766,-0.1431015133857727,-0.9745665788650513,0.17245890200138093],"time":0.007869243621826172},{"ShiftLock":true,"VVelocity":[-7.645866394042969,0.00002602225140435621,1.1055128574371338],"AAnimation":{"Name":"Idle","Weight":0},"CCFrame":[164.06919860839845,-8.326019287109375,-233.86776733398438,0.9897080063819885,-8.620653524360478e-9,0.14310148358345033,1.17111982333995e-8,1,-2.0754594487470969e-8,-0.14310148358345033,2.221687722681054e-8,0.9897080063819885],"CCameraCFrame":[166.2946014404297,11.400274276733399,-230.93067932128907,0.9897081255912781,-0.14091220498085023,0.02493576519191265,1.862645371275562e-9,0.17425233125686646,0.9847009778022766,-0.1431015133857727,-0.9745665788650513,0.17245890200138093],"time":0.011079549789428711},{"ShiftLock":true,"VVelocity":[-10.194488525390625,0.00002602225140435621,1.4740171432495118],"AAnimation":{"Name":"Idle","Weight":0},"CCFrame":[164.02671813964845,-8.326019287109375,-233.8616180419922,0.9897080063819885,-1.1492975460214439e-8,0.14310148358345033,1.561326179455591e-8,1,-2.766983620006158e-8,-0.14310148358345033,2.9619339869668694e-8,0.9897080063819885],"CCameraCFrame":[166.2627410888672,11.400274276733399,-230.9260711669922,0.9897081255912781,-0.14091220498085023,0.02493576519191265,1.862645371275562e-9,0.17425233125686646,0.9847009778022766,-0.1431015133857727,-0.9745665788650513,0.17245890200138093],"time":0.017018556594848634},{"ShiftLock":true,"VVelocity":[-14.675745964050293,0.00002602225140435621,2.121960401535034],"AAnimation":{"Name":"Idle","Weight":0},"CCFrame":[163.9124755859375,-8.326019287109375,-233.84510803222657,0.9897080063819885,-1.7235777249879903e-8,0.14310148358345033,2.3414886030082017e-8,1,-4.1495887614928509e-8,-0.14310148358345033,4.4419515177196448e-8,0.9897080063819885],"CCameraCFrame":[166.2202606201172,11.400274276733399,-230.919921875,0.9897081255912781,-0.14091220498085023,0.02493576519191265,1.862645371275562e-9,0.17425233125686646,0.9847009778022766,-0.1431015133857727,-0.9745665788650513,0.17245890200138093],"time":0.024248838424682618},{"ShiftLock":true,"VVelocity":[-15.400484085083008,0.00002602225140435621,2.226749897003174],"AAnimation":{"Name":"Idle","Weight":0},"CCFrame":[163.8483123779297,-8.326019287109375,-233.83583068847657,0.9897080063819885,-2.0106256215512987e-8,0.14310148358345033,2.7314445816273293e-8,1,-4.8406697317204819e-8,-0.14310148358345033,5.18172349472934e-8,0.9897080063819885],"CCameraCFrame":[166.10601806640626,11.400274276733399,-230.90341186523438,0.9897081255912781,-0.14091220498085023,0.02493576519191265,1.862645371275562e-9,0.17425233125686646,0.9847009778022766,-0.1431015133857727,-0.9745665788650513,0.17245890200138093],"time":0.03028702735900879},{"ShiftLock":true,"VVelocity":[-15.774177551269532,0.00002602225140435621,2.2807822227478029],"AAnimation":{"Name":"Idle","Weight":0},"CCFrame":[163.71728515625,-8.326019287109375,-233.81687927246095,0.9897080063819885,-2.5845373841093534e-8,0.14310148358345033,3.5111067830939649e-8,1,-6.222389004051365e-8,-0.14310148358345033,6.660792450929876e-8,0.9897080063819885],"CCameraCFrame":[166.04185485839845,11.400274276733399,-230.89413452148438,0.9897081255912781,-0.14091220498085023,0.02493576519191265,1.862645371275562e-9,0.17425233125686646,0.9847009778022766,-0.1431015133857727,-0.9745665788650513,0.17245890200138093],"time":0.03551483154296875},{"ShiftLock":true,"VVelocity":[-15.812396049499512,0.00002602225140435621,2.2863080501556398],"AAnimation":{"Name":"Idle","Weight":0},"CCFrame":[163.65139770507813,-8.326019287109375,-233.80735778808595,0.9897080063819885,-2.8714012501040999e-8,0.14310148358345033,3.9008128283057889e-8,1,-6.913026595611882e-8,-0.14310148358345033,7.400090140663451e-8,0.9897080063819885],"CCameraCFrame":[165.91082763671876,11.400274276733399,-230.87518310546876,0.9897081255912781,-0.14091220498085023,0.02493576519191265,1.862645371275562e-9,0.17425233125686646,0.9847009778022766,-0.1431015133857727,-0.9745665788650513,0.17245890200138093],"time":0.0421600341796875},{"ShiftLock":true,"VVelocity":[-15.83210277557373,0.00002602225140435621,2.2891573905944826],"AAnimation":{"Name":"Idle","Weight":0},"CCFrame":[163.5194854736328,-8.326019287109375,-233.7882843017578,0.9897080063819885,-3.444944951525031e-8,0.14310148358345033,4.679974807686449e-8,1,-8.293859821151273e-8,-0.14310148358345033,8.878210877583115e-8,0.9897080063819885],"CCameraCFrame":[165.84494018554688,11.400274276733399,-230.86566162109376,0.9897081255912781,-0.14091220498085023,0.02493576519191265,1.862645371275562e-9,0.17425233125686646,0.9847009778022766,-0.1431015133857727,-0.9745665788650513,0.17245890200138093],"time":0.04824399948120117},{"ShiftLock":true,"VVelocity":[-15.834117889404297,0.00002602225140435621,2.2894487380981447],"AAnimation":{"Name":"Idle","Weight":0},"CCFrame":[163.45350646972657,-8.326019287109375,-233.77874755859376,0.9897080063819885,-3.7316247869512156e-8,0.14310148358345033,5.069430741855285e-8,1,-8.984055455130147e-8,-0.14310148358345033,9.617034635311939e-8,0.9897080063819885],"CCameraCFrame":[165.71302795410157,11.400274276733399,-230.84658813476563,0.9897081255912781,-0.14091220498085023,0.02493576519191265,1.862645371275562e-9,0.17425233125686646,0.9847009778022766,-0.1431015133857727,-0.9745665788650513,0.17245890200138093],"time":0.054402828216552737},{"ShiftLock":true,"VVelocity":[-15.83515739440918,0.00002602225140435621,2.2895991802215578],"AAnimation":{"Name":"Idle","Weight":0},"CCFrame":[163.32154846191407,-8.326019287109375,-233.75967407226563,0.9897080063819885,-4.3048004272350229e-8,0.14310148358345033,5.848093209692706e-8,1,-1.0364004054963516e-7,-0.14310148358345033,1.109420892930757e-7,0.9897080063819885],"CCameraCFrame":[165.6470489501953,11.400274276733399,-230.83705139160157,0.9897081255912781,-0.14091220498085023,0.02493576519191265,1.862645371275562e-9,0.17425233125686646,0.9847009778022766,-0.1431015133857727,-0.9745665788650513,0.17245890200138093],"time":0.05969977378845215},{"ShiftLock":true,"VVelocity":[-15.8352632522583,0.00002602225140435621,2.2896132469177248],"AAnimation":{"Name":"Idle","Weight":0},"CCFrame":[163.2555694580078,-8.326019287109375,-233.75013732910157,0.9897080063819885,-3.9487446201746937e-8,0.14310148358345033,5.3643898212385469e-8,1,-9.506783982260458e-8,-0.14310148358345033,1.0176592724064904e-7,0.9897080063819885],"CCameraCFrame":[165.5150909423828,11.400274276733399,-230.81797790527345,0.9897081255912781,-0.14091220498085023,0.02493576519191265,1.862645371275562e-9,0.17425233125686646,0.9847009778022766,-0.1431015133857727,-0.9745665788650513,0.17245890200138093],"time":0.06508541107177735},{"ShiftLock":true,"VVelocity":[-15.83530330657959,0.00002602225140435621,2.2896196842193605],"AAnimation":{"Name":"Idle","Weight":0},"CCFrame":[163.18959045410157,-8.326019287109375,-233.7406005859375,0.9897080063819885,-3.5927651964584587e-8,0.14310148358345033,4.88078981675244e-8,1,-8.649747229583227e-8,-0.14310148358345033,9.259172628617307e-8,0.9897080063819885],"CCameraCFrame":[165.44911193847657,11.400274276733399,-230.80844116210938,0.9897081255912781,-0.14091220498085023,0.02493576519191265,1.862645371275562e-9,0.17425233125686646,0.9847009778022766,-0.1431015133857727,-0.9745665788650513,0.17245890200138093],"time":0.07138514518737793},{"ShiftLock":true,"VVelocity":[-15.83532428741455,0.00002602225140435621,2.289623260498047],"AAnimation":{"Name":"Idle","Weight":0},"CCFrame":[163.05763244628907,-8.326019287109375,-233.72152709960938,0.9897080063819885,-2.8810344332441674e-8,0.14310148358345033,3.913899959684386e-8,1,-6.936222973763506e-8,-0.14310148358345033,7.424920767107324e-8,0.9897080063819885],"CCameraCFrame":[165.3831329345703,11.400274276733399,-230.7989044189453,0.9897081255912781,-0.14091220498085023,0.02493576519191265,1.862645371275562e-9,0.17425233125686646,0.9847009778022766,-0.1431015133857727,-0.9745665788650513,0.17245890200138093],"time":0.07896018028259278},{"ShiftLock":true,"VVelocity":[-15.835326194763184,0.00002602225140435621,2.289623498916626],"AAnimation":{"Name":"Idle","Weight":0},"CCFrame":[162.9916534423828,-8.326019287109375,-233.7119903564453,0.9897080063819885,-2.5252830937461114e-8,0.14310148358345033,3.4306101071024389e-8,1,-6.079735470621017e-8,-0.14310148358345033,6.508088290502201e-8,0.9897080063819885],"CCameraCFrame":[165.2511749267578,11.400274276733399,-230.7798309326172,0.9897081255912781,-0.14091220498085023,0.02493576519191265,1.862645371275562e-9,0.17425233125686646,0.9847009778022766,-0.1431015133857727,-0.9745665788650513,0.17245890200138093],"time":0.08347034454345703},{"ShiftLock":true,"VVelocity":[-15.8353271484375,0.00002602225140435621,2.289623737335205],"AAnimation":{"Name":"Idle","Weight":0},"CCFrame":[162.8596954345703,-8.326019287109375,-233.6929168701172,0.9897080063819885,-1.814008854239546e-8,0.14310148358345033,2.4643401985713355e-8,1,-4.367309358599414e-8,-0.14310148358345033,4.6750120219485328e-8,0.9897080063819885],"CCameraCFrame":[165.18519592285157,11.400274276733399,-230.77029418945313,0.9897081255912781,-0.14091220498085023,0.02493576519191265,1.862645371275562e-9,0.17425233125686646,0.9847009778022766,-0.1431015133857727,-0.9745665788650513,0.17245890200138093],"time":0.0897672176361084},{"ShiftLock":true,"VVelocity":[-15.8353271484375,0.00002602225140435621,2.289623737335205],"AAnimation":{"Name":"Idle","Weight":0},"CCFrame":[162.79371643066407,-8.326019287109375,-233.68338012695313,0.9897080063819885,-1.458485776595353e-8,0.14310148358345033,1.9813603202578635e-8,1,-3.5113707497202998e-8,-0.14310148358345033,3.758767519457251e-8,0.9897080063819885],"CCameraCFrame":[165.05323791503907,11.400274276733399,-230.751220703125,0.9897081255912781,-0.14091220498085023,0.02493576519191265,1.862645371275562e-9,0.17425233125686646,0.9847009778022766,-0.1431015133857727,-0.9745665788650513,0.17245890200138093],"time":0.09656000137329102},{"ShiftLock":true,"VVelocity":[-15.8353271484375,0.00002602225140435621,2.289623737335205],"AAnimation":{"Name":"Idle","Weight":0},"CCFrame":[162.66175842285157,-8.326019287109375,-233.664306640625,0.9897080063819885,-7.476677055251458e-9,0.14310148358345033,1.0157100938101849e-8,1,-1.8000422485897617e-8,-0.14310148358345033,1.9268657780457944e-8,0.9897080063819885],"CCameraCFrame":[164.9872589111328,11.400274276733399,-230.74168395996095,0.9897081255912781,-0.14091220498085023,0.02493576519191265,1.862645371275562e-9,0.17425233125686646,0.9847009778022766,-0.1431015133857727,-0.9745665788650513,0.17245890200138093],"time":0.10238957405090332},{"ShiftLock":true,"VVelocity":[-15.8353271484375,0.00002602225140435621,2.289623737335205],"AAnimation":{"Name":"Idle","Weight":0},"CCFrame":[162.5957794189453,-8.326019287109375,-233.65476989746095,0.9897080063819885,-3.923726676902106e-9,0.14310148358345033,5.330398344938203e-9,1,-9.44652178702654e-9,-0.14310148358345033,1.0112086279434607e-8,0.9897080063819885],"CCameraCFrame":[164.8553009033203,11.400274276733399,-230.7226104736328,0.9897081255912781,-0.14091220498085023,0.02493576519191265,1.862645371275562e-9,0.17425233125686646,0.9847009778022766,-0.1431015133857727,-0.9745665788650513,0.17245890200138093],"time":0.10896062850952149},{"ShiftLock":true,"VVelocity":[-15.8353271484375,0.00002602225140435621,2.289623737335205],"AAnimation":{"Name":"Idle","Weight":0},"CCFrame":[162.4638214111328,-8.326019287109375,-233.6356964111328,0.9897080063819885,3.1798947919270405e-9,0.14310148358345033,-4.319911095507223e-9,1,7.655796885330801e-9,-0.14310148358345033,-8.195189415971527e-9,0.9897080063819885],"CCameraCFrame":[164.78932189941407,11.400274276733399,-230.71307373046876,0.9897081255912781,-0.14091220498085023,0.02493576519191265,1.862645371275562e-9,0.17425233125686646,0.9847009778022766,-0.1431015133857727,-0.9745665788650513,0.17245890200138093],"time":0.11455845832824707},{"ShiftLock":true,"VVelocity":[-15.8353271484375,0.00002602225140435621,2.289623737335205],"AAnimation":{"Name":"Idle","Weight":0},"CCFrame":[162.39784240722657,-8.326019287109375,-233.62615966796876,0.9897080063819885,6.730565882406836e-9,0.14310148358345033,-9.143517942789004e-9,1,1.6204216635173908e-8,-0.14310148358345033,-1.7345893610354325e-8,0.9897080063819885],"CCameraCFrame":[164.65736389160157,11.400274276733399,-230.69400024414063,0.9897081255912781,-0.14091220498085023,0.02493576519191265,1.862645371275562e-9,0.17425233125686646,0.9847009778022766,-0.1431015133857727,-0.9745665788650513,0.17245890200138093],"time":0.1205897331237793},{"ShiftLock":true,"VVelocity":[-15.8353271484375,0.00002602225140435621,2.289623737335205],"AAnimation":{"Name":"Idle","Weight":0},"CCFrame":[162.26588439941407,-8.326019287109375,-233.60708618164063,0.9897080063819885,1.3829630773898316e-8,0.14310148358345033,-1.878763988827359e-8,1,3.329557429765373e-8,-0.14310148358345033,-3.564143824519306e-8,0.9897080063819885],"CCameraCFrame":[164.5913848876953,11.400274276733399,-230.68446350097657,0.9897081255912781,-0.14091220498085023,0.02493576519191265,1.862645371275562e-9,0.17425233125686646,0.9847009778022766,-0.1431015133857727,-0.9745665788650513,0.17245890200138093],"time":0.12659883499145509},{"ShiftLock":true,"VVelocity":[-15.8353271484375,0.00002602225140435621,2.289623737335205],"AAnimation":{"Name":"Idle","Weight":0},"CCFrame":[162.1999053955078,-8.326019287109375,-233.59754943847657,0.9897080063819885,1.7378024352865397e-8,0.14310148358345033,-2.3608153654208764e-8,1,4.1838514874825708e-8,-0.14310148358345033,-4.4786276021113738e-8,0.9897080063819885],"CCameraCFrame":[164.4594268798828,11.400274276733399,-230.66539001464845,0.9897081255912781,-0.14091220498085023,0.02493576519191265,1.862645371275562e-9,0.17425233125686646,0.9847009778022766,-0.1431015133857727,-0.9745665788650513,0.17245890200138093],"time":0.13274216651916505},{"ShiftLock":true,"VVelocity":[-15.8353271484375,0.00002602225140435621,2.289623737335205],"AAnimation":{"Name":"Idle","Weight":0},"CCFrame":[162.13392639160157,-8.326019287109375,-233.5880126953125,0.9897080063819885,2.092565942746205e-8,0.14310148358345033,-2.8427637133177087e-8,1,5.037962935716678e-8,-0.14310148358345033,-5.392915980451107e-8,0.9897080063819885],"CCameraCFrame":[164.39344787597657,11.400274276733399,-230.65585327148438,0.9897081255912781,-0.14091220498085023,0.02493576519191265,1.862645371275562e-9,0.17425233125686646,0.9847009778022766,-0.1431015133857727,-0.9745665788650513,0.17245890200138093],"time":0.13829326629638673},{"ShiftLock":true,"VVelocity":[-15.8353271484375,0.00002602225140435621,2.289623737335205],"AAnimation":{"Name":"Idle","Weight":0},"CCFrame":[162.00196838378907,-8.326019287109375,-233.56893920898438,0.9897080063819885,2.801865406354409e-8,0.14310148358345033,-3.8063511453856339e-8,1,6.745638359006989e-8,-0.14310148358345033,-7.22090689464494e-8,0.9897080063819885],"CCameraCFrame":[164.3274688720703,11.400274276733399,-230.6463165283203,0.9897081255912781,-0.14091220498085023,0.02493576519191265,1.862645371275562e-9,0.17425233125686646,0.9847009778022766,-0.1431015133857727,-0.9745665788650513,0.17245890200138093],"time":0.1443939208984375},{"ShiftLock":true,"VVelocity":[-15.8353271484375,0.00002602225140435621,2.289623737335205],"AAnimation":{"Name":"Idle","Weight":0},"CCFrame":[161.9359893798828,-8.326019287109375,-233.5594024658203,0.9897080063819885,3.1564013625029477e-8,0.14310148358345033,-4.28799040719241e-8,1,7.599202689334561e-8,-0.14310148358345033,-8.13460943049904e-8,0.9897080063819885],"CCameraCFrame":[164.1955108642578,11.400274276733399,-230.6272430419922,0.9897081255912781,-0.14091220498085023,0.02493576519191265,1.862645371275562e-9,0.17425233125686646,0.9847009778022766,-0.1431015133857727,-0.9745665788650513,0.17245890200138093],"time":0.15001845359802247},{"ShiftLock":true,"VVelocity":[-15.8353271484375,0.00002602225140435621,2.289623737335205],"AAnimation":{"Name":"Idle","Weight":0},"CCFrame":[161.8040313720703,-8.326019287109375,-233.5403289794922,0.9897080063819885,3.865245545853213e-8,0.14310148358345033,-5.250959844715908e-8,1,9.305783521540434e-8,-0.14310148358345033,-9.961429014992973e-8,0.9897080063819885],"CCameraCFrame":[164.12953186035157,11.400274276733399,-230.61770629882813,0.9897081255912781,-0.14091220498085023,0.02493576519191265,1.862645371275562e-9,0.17425233125686646,0.9847009778022766,-0.1431015133857727,-0.9745665788650513,0.17245890200138093],"time":0.1567857265472412},{"ShiftLock":true,"VVelocity":[-15.8353271484375,0.00002602225140435621,2.289623737335205],"AAnimation":{"Name":"Idle","Weight":0},"CCFrame":[161.73805236816407,-8.326019287109375,-233.53079223632813,0.9897080063819885,4.219554128326308e-8,0.14310148358345033,-5.732290375703997e-8,1,1.015880073396147e-7,-0.14310148358345033,-1.0874546063632806e-7,0.9897080063819885],"CCameraCFrame":[163.99757385253907,11.400274276733399,-230.5986328125,0.9897081255912781,-0.14091220498085023,0.02493576519191265,1.862645371275562e-9,0.17425233125686646,0.9847009778022766,-0.1431015133857727,-0.9745665788650513,0.17245890200138093],"time":0.16291284561157227},{"ShiftLock":true,"VVelocity":[-15.8353271484375,0.00002602225140435621,2.2896242141723635],"AAnimation":{"Name":"Idle","Weight":0},"CCFrame":[161.60609436035157,-8.326019287109375,-233.51171875,0.9897080063819885,3.6072417941568349e-8,0.14310148358345033,-4.9004604818492228e-8,1,8.684627061938954e-8,-0.14310148358345033,-9.296508096667822e-8,0.9897080063819885],"CCameraCFrame":[163.9315948486328,11.400274276733399,-230.58909606933595,0.9897081255912781,-0.14091220498085023,0.02493576519191265,1.862645371275562e-9,0.17425233125686646,0.9847009778022766,-0.1431015133857727,-0.9745665788650513,0.17245890200138093],"time":0.16867661476135255},{"ShiftLock":true,"VVelocity":[-15.8353271484375,0.00002602225140435621,2.289623975753784],"AAnimation":{"Name":"Idle","Weight":0},"CCFrame":[161.5401153564453,-8.326019287109375,-233.50218200683595,0.9897080063819885,3.3011840372410009e-8,0.14310148358345033,-4.4846789393204747e-8,1,7.947776481387337e-8,-0.14310148358345033,-8.507741711127892e-8,0.9897080063819885],"CCameraCFrame":[163.7996368408203,11.400274276733399,-230.5700225830078,0.9897081255912781,-0.14091220498085023,0.02493576519191265,1.862645371275562e-9,0.17425233125686646,0.9847009778022766,-0.1431015133857727,-0.9745665788650513,0.17245890200138093],"time":0.1742260456085205},{"ShiftLock":true,"VVelocity":[-15.8353271484375,0.00002602225140435621,2.289623737335205],"AAnimation":{"Name":"Idle","Weight":0},"CCFrame":[161.4081573486328,-8.326019287109375,-233.4831085205078,0.9897080063819885,2.6892646332044025e-8,0.14310148358345033,-3.653382663060256e-8,1,6.474547120660645e-8,-0.14310148358345033,-6.93071555701863e-8,0.9897080063819885],"CCameraCFrame":[163.73365783691407,11.400274276733399,-230.56048583984376,0.9897081255912781,-0.14091220498085023,0.02493576519191265,1.862645371275562e-9,0.17425233125686646,0.9847009778022766,-0.1431015133857727,-0.9745665788650513,0.17245890200138093],"time":0.1814403533935547},{"ShiftLock":true,"VVelocity":[-15.8353271484375,0.00002602225140435621,2.289623737335205],"AAnimation":{"Name":"Idle","Weight":0},"CCFrame":[161.34217834472657,-8.326019287109375,-233.47357177734376,0.9897080063819885,2.383403163719322e-8,0.14310148358345033,-3.237867574057418e-8,1,5.738168340485572e-8,-0.14310148358345033,-6.142455077906561e-8,0.9897080063819885],"CCameraCFrame":[163.60169982910157,11.400274276733399,-230.54141235351563,0.9897081255912781,-0.14091220498085023,0.02493576519191265,1.862645371275562e-9,0.17425233125686646,0.9847009778022766,-0.1431015133857727,-0.9745665788650513,0.17245890200138093],"time":0.1877305507659912},{"ShiftLock":true,"VVelocity":[-15.8353271484375,0.00002602225140435621,2.289623737335205],"AAnimation":{"Name":"Idle","Weight":0},"CCFrame":[161.21022033691407,-8.326019287109375,-233.45449829101563,0.9897080063819885,1.7718763345442313e-8,0.14310148358345033,-2.4071043824847039e-8,1,4.265883291054706e-8,-0.14310148358345033,-4.566438960296182e-8,0.9897080063819885],"CCameraCFrame":[163.5357208251953,11.400274276733399,-230.53187561035157,0.9897081255912781,-0.14091220498085023,0.02493576519191265,1.862645371275562e-9,0.17425233125686646,0.9847009778022766,-0.1431015133857727,-0.9745665788650513,0.17245890200138093],"time":0.19377493858337403},{"ShiftLock":true,"VVelocity":[-15.8353271484375,0.00002602225140435621,2.289623737335205],"AAnimation":{"Name":"Idle","Weight":0},"CCFrame":[161.1442413330078,-8.326019287109375,-233.44496154785157,0.9897080063819885,1.4662109748542207e-8,0.14310148358345033,-1.9918561022791438e-8,1,3.5299766665275459e-8,-0.14310148358345033,-3.778683677069239e-8,0.9897080063819885],"CCameraCFrame":[163.4037628173828,11.400274276733399,-230.51280212402345,0.9897081255912781,-0.14091220498085023,0.02493576519191265,1.862645371275562e-9,0.17425233125686646,0.9847009778022766,-0.1431015133857727,-0.9745665788650513,0.17245890200138093],"time":0.19875216484069825},{"ShiftLock":true,"VVelocity":[-15.8353271484375,0.00002602225140435621,2.289623737335205],"AAnimation":{"Name":"Idle","Weight":0},"CCFrame":[161.07826232910157,-8.326019287109375,-233.4354248046875,0.9897080063819885,1.160611073913742e-8,0.14310148358345033,-1.5766964622798697e-8,1,2.794227249580672e-8,-0.14310148358345033,-2.991096792470671e-8,0.9897080063819885],"CCameraCFrame":[163.33778381347657,11.400274276733399,-230.50326538085938,0.9897081255912781,-0.14091220498085023,0.02493576519191265,1.862645371275562e-9,0.17425233125686646,0.9847009778022766,-0.1431015133857727,-0.9745665788650513,0.17245890200138093],"time":0.2047104835510254},{"ShiftLock":true,"VVelocity":[-15.8353271484375,0.00002602225140435621,2.289623737335205],"AAnimation":{"Name":"Idle","Weight":0},"CCFrame":[160.94630432128907,-8.326019287109375,-233.41635131835938,0.9897080063819885,5.4960729301001269e-9,0.14310148358345033,-7.466436358072315e-9,1,1.3231999496099434e-8,-0.14310148358345033,-1.416427419798083e-8,0.9897080063819885],"CCameraCFrame":[163.2718048095703,11.400274276733399,-230.4937286376953,0.9897081255912781,-0.14091220498085023,0.02493576519191265,1.862645371275562e-9,0.17425233125686646,0.9847009778022766,-0.1431015133857727,-0.9745665788650513,0.17245890200138093],"time":0.21061921119689942},{"ShiftLock":true,"VVelocity":[-15.8353271484375,0.00002602225140435621,2.289623737335205],"AAnimation":{"Name":"Idle","Weight":0},"CCFrame":[160.81434631347657,-8.326019287109375,-233.39727783203126,0.9897080063819885,-6.113516914929562e-10,0.14310148358345033,8.305432452893058e-10,1,-1.4719878649316343e-9,-0.14310148358345033,1.5756901339258889e-9,0.9897080063819885],"CCameraCFrame":[163.1398468017578,11.400274276733399,-230.4746551513672,0.9897081255912781,-0.14091220498085023,0.02493576519191265,1.862645371275562e-9,0.17425233125686646,0.9847009778022766,-0.1431015133857727,-0.9745665788650513,0.17245890200138093],"time":0.21845531463623048},{"ShiftLock":true,"VVelocity":[-15.8353271484375,0.00002602225140435621,2.289623737335205],"AAnimation":{"Name":"Idle","Weight":0},"CCFrame":[160.7483673095703,-8.326019287109375,-233.3877410888672,0.9897080063819885,-3.664084591292749e-9,0.14310148358345033,4.977702694475283e-9,1,-8.821625208099704e-9,-0.14310148358345033,9.44314937356694e-9,0.9897080063819885],"CCameraCFrame":[163.0078887939453,11.400274276733399,-230.45558166503907,0.9897081255912781,-0.14091220498085023,0.02493576519191265,1.862645371275562e-9,0.17425233125686646,0.9847009778022766,-0.1431015133857727,-0.9745665788650513,0.17245890200138093],"time":0.22304534912109376},{"ShiftLock":true,"VVelocity":[-15.8353271484375,0.00002602225140435621,2.289623737335205],"AAnimation":{"Name":"Idle","Weight":0},"CCFrame":[160.68238830566407,-8.326019287109375,-233.37820434570313,0.9897080063819885,-6.716164513420608e-9,0.14310148358345033,9.123975353020342e-9,1,-1.6169691363643325e-8,-0.14310148358345033,1.7308927624526406e-8,0.9897080063819885],"CCameraCFrame":[162.94190979003907,11.400274276733399,-230.446044921875,0.9897081255912781,-0.14091220498085023,0.02493576519191265,1.862645371275562e-9,0.17425233125686646,0.9847009778022766,-0.1431015133857727,-0.9745665788650513,0.17245890200138093],"time":0.2303779125213623},{"ShiftLock":true,"VVelocity":[-15.8353271484375,0.00002602225140435621,2.289623737335205],"AAnimation":{"Name":"Idle","Weight":0},"CCFrame":[160.55043029785157,-8.326019287109375,-233.359130859375,0.9897080063819885,-1.2818366812439308e-8,0.14310148358345033,1.7413860575743457e-8,1,-3.086111632910615e-8,-0.14310148358345033,3.303544460209196e-8,0.9897080063819885],"CCameraCFrame":[162.8759307861328,11.400274276733399,-230.43650817871095,0.9897081255912781,-0.14091220498085023,0.02493576519191265,1.862645371275562e-9,0.17425233125686646,0.9847009778022766,-0.1431015133857727,-0.9745665788650513,0.17245890200138093],"time":0.23577594757080079},{"ShiftLock":true,"VVelocity":[-15.8353271484375,0.00002602225140435621,2.289623737335205],"AAnimation":{"Name":"Idle","Weight":0},"CCFrame":[160.4844512939453,-8.326019287109375,-233.34959411621095,0.9897080063819885,-1.586848874524094e-8,0.14310148358345033,2.1557474028099933e-8,1,-3.820447602720378e-8,-0.14310148358345033,4.0896182440519627e-8,0.9897080063819885],"CCameraCFrame":[162.7439727783203,11.400274276733399,-230.4174346923828,0.9897081255912781,-0.14091220498085023,0.02493576519191265,1.862645371275562e-9,0.17425233125686646,0.9847009778022766,-0.1431015133857727,-0.9745665788650513,0.17245890200138093],"time":0.24142765998840333},{"ShiftLock":true,"VVelocity":[-15.8353271484375,0.00002602225140435621,2.289623737335205],"AAnimation":{"Name":"Idle","Weight":0},"CCFrame":[160.3524932861328,-8.326019287109375,-233.3305206298828,0.9897080063819885,-2.196677506560718e-8,0.14310148358345033,2.984204527933798e-8,1,-5.288648452506095e-8,-0.14310148358345033,5.661262036937842e-8,0.9897080063819885],"CCameraCFrame":[162.67799377441407,11.400274276733399,-230.40789794921876,0.9897081255912781,-0.14091220498085023,0.02493576519191265,1.862645371275562e-9,0.17425233125686646,0.9847009778022766,-0.1431015133857727,-0.9745665788650513,0.17245890200138093],"time":0.2480149269104004},{"ShiftLock":true,"VVelocity":[-15.8353271484375,0.00002602225140435621,2.289623737335205],"AAnimation":{"Name":"Idle","Weight":0},"CCFrame":[160.28651428222657,-8.326019287109375,-233.32098388671876,0.9897080063819885,-2.501494122952863e-8,0.14310148358345033,3.3982999525505878e-8,1,-6.022514043024785e-8,-0.14310148358345033,6.446831690709587e-8,0.9897080063819885],"CCameraCFrame":[162.54603576660157,11.400274276733399,-230.38882446289063,0.9897081255912781,-0.14091220498085023,0.02493576519191265,1.862645371275562e-9,0.17425233125686646,0.9847009778022766,-0.1431015133857727,-0.9745665788650513,0.17245890200138093],"time":0.2530045509338379},{"ShiftLock":true,"VVelocity":[-15.8353271484375,0.00002602225140435621,2.289623737335205],"AAnimation":{"Name":"Idle","Weight":0},"CCFrame":[160.15455627441407,-8.326019287109375,-233.30191040039063,0.9897080063819885,-3.1109316012134516e-8,0.14310148358345033,4.22622541407236e-8,1,-7.489774134228355e-8,-0.14310148358345033,8.017468644538894e-8,0.9897080063819885],"CCameraCFrame":[162.4800567626953,11.400274276733399,-230.37928771972657,0.9897081255912781,-0.14091220498085023,0.02493576519191265,1.862645371275562e-9,0.17425233125686646,0.9847009778022766,-0.1431015133857727,-0.9745665788650513,0.17245890200138093],"time":0.26047253608703616},{"ShiftLock":true,"VVelocity":[-15.8353271484375,0.00002602225140435621,2.289623737335205],"AAnimation":{"Name":"Idle","Weight":0},"CCFrame":[160.0885772705078,-8.326019287109375,-233.29237365722657,0.9897080063819885,-3.4155526407175788e-8,0.14310148358345033,4.640055450977343e-8,1,-8.223169345455972e-8,-0.14310148358345033,8.802535234053721e-8,0.9897080063819885],"CCameraCFrame":[162.3480987548828,11.400274276733399,-230.36021423339845,0.9897081255912781,-0.14091220498085023,0.02493576519191265,1.862645371275562e-9,0.17425233125686646,0.9847009778022766,-0.1431015133857727,-0.9745665788650513,0.17245890200138093],"time":0.26502418518066409},{"ShiftLock":true,"VVelocity":[-15.8353271484375,0.00002602225140435621,2.289623737335205],"AAnimation":{"Name":"Idle","Weight":0},"CCFrame":[159.9566192626953,-8.326019287109375,-233.27330017089845,0.9897080063819885,-4.024598965202131e-8,0.14310148358345033,5.4674501370755027e-8,1,-9.689489388620132e-8,-0.14310148358345033,1.0372165348826457e-7,0.9897080063819885],"CCameraCFrame":[162.28211975097657,11.400274276733399,-230.35067749023438,0.9897081255912781,-0.14091220498085023,0.02493576519191265,1.862645371275562e-9,0.17425233125686646,0.9847009778022766,-0.1431015133857727,-0.9745665788650513,0.17245890200138093],"time":0.2722938060760498},{"ShiftLock":true,"VVelocity":[-15.8353271484375,0.00002602225140435621,2.289623737335205],"AAnimation":{"Name":"Idle","Weight":0},"CCFrame":[159.89064025878907,-8.326019287109375,-233.26376342773438,0.9897080063819885,-4.329024605453924e-8,0.14310148358345033,5.881014786268679e-8,1,-1.0422414220556675e-7,-0.14310148358345033,1.1156728874084365e-7,0.9897080063819885],"CCameraCFrame":[162.15016174316407,11.400274276733399,-230.33160400390626,0.9897081255912781,-0.14091220498085023,0.02493576519191265,1.862645371275562e-9,0.17425233125686646,0.9847009778022766,-0.1431015133857727,-0.9745665788650513,0.17245890200138093],"time":0.27852320671081545},{"ShiftLock":true,"VVelocity":[-15.8353271484375,0.00002602225140435621,2.289623260498047],"AAnimation":{"Name":"Idle","Weight":0},"CCFrame":[159.75868225097657,-8.326019287109375,-233.24468994140626,0.9897080063819885,-3.6319384832950166e-8,0.14310148358345033,4.9340179941737009e-8,1,-8.744133594973391e-8,-0.14310148358345033,9.3602039896723e-8,0.9897080063819885],"CCameraCFrame":[162.0841827392578,11.400274276733399,-230.3220672607422,0.9897081255912781,-0.14091220498085023,0.02493576519191265,1.862645371275562e-9,0.17425233125686646,0.9847009778022766,-0.1431015133857727,-0.9745665788650513,0.17245890200138093],"time":0.2845895290374756},{"ShiftLock":true,"VVelocity":[-15.8353271484375,-0.8174739480018616,2.289623498916626],"AAnimation":{"Name":"Idle","Weight":0},"CCFrame":[159.6927032470703,-8.329425811767579,-233.2351531982422,0.9897080063819885,-3.283507510332129e-8,0.14310148358345033,4.460671121364612e-8,1,-7.905261867335867e-8,-0.14310148358345033,8.462230027816986e-8,0.9897080063819885],"CCameraCFrame":[161.9522247314453,11.400274276733399,-230.30299377441407,0.9897081255912781,-0.14091220498085023,0.02493576519191265,1.862645371275562e-9,0.17425233125686646,0.9847009778022766,-0.1431015133857727,-0.9745665788650513,0.17245890200138093],"time":0.2906346321105957},{"ShiftLock":true,"VVelocity":[-15.8353271484375,-1.6349740028381348,2.289623737335205],"AAnimation":{"Name":"Idle","Weight":0},"CCFrame":[159.62672424316407,-8.336237907409668,-233.22561645507813,0.9897080063819885,-2.935150611449444e-8,0.14310148358345033,3.9874258561667378e-8,1,-7.066569907010489e-8,-0.14310148358345033,7.564447201957592e-8,0.9897080063819885],"CCameraCFrame":[161.88624572753907,11.396867752075196,-230.29345703125,0.9897081255912781,-0.14091220498085023,0.02493576519191265,1.862645371275562e-9,0.17425233125686646,0.9847009778022766,-0.1431015133857727,-0.9745665788650513,0.17245890200138093],"time":0.2963581085205078},{"ShiftLock":true,"VVelocity":[-15.8353271484375,-3.2699742317199709,2.289623737335205],"AAnimation":{"Name":"Idle","Weight":0},"CCFrame":[159.49476623535157,-8.360081672668457,-233.20654296875,0.9897080063819885,-2.2386608122815234e-8,0.14310148358345033,3.04123837224779e-8,1,-5.389723156667969e-8,-0.14310148358345033,5.769458155668872e-8,0.9897080063819885],"CCameraCFrame":[161.8202667236328,11.390055656433106,-230.28392028808595,0.9897081255912781,-0.14091220498085023,0.02493576519191265,1.862645371275562e-9,0.17425233125686646,0.9847009778022766,-0.1431015133857727,-0.9745665788650513,0.17245890200138093],"time":0.302295446395874},{"ShiftLock":true,"VVelocity":[-15.8353271484375,-4.087474346160889,2.289623737335205],"AAnimation":{"Name":"Idle","Weight":0},"CCFrame":[159.4287872314453,-8.37711238861084,-233.19700622558595,0.9897080063819885,-1.890527556724919e-8,0.14310148358345033,2.5682965087980848e-8,1,-4.5515683666508269e-8,-0.14310148358345033,4.872250869425443e-8,0.9897080063819885],"CCameraCFrame":[161.6883087158203,11.366211891174317,-230.2648468017578,0.9897081255912781,-0.14091220498085023,0.02493576519191265,1.862645371275562e-9,0.17425233125686646,0.9847009778022766,-0.1431015133857727,-0.9745665788650513,0.17245890200138093],"time":0.3084714412689209},{"ShiftLock":true,"VVelocity":[-15.8353271484375,-1.0638092756271363,2.289623737335205],"AAnimation":{"Name":"Idle","Weight":0},"CCFrame":[159.2968292236328,-8.390713691711426,-233.1779327392578,0.9897080063819885,-1.1944844224842655e-8,0.14310148358345033,1.62271600601116e-8,1,-2.87579613456046e-8,-0.14310148358345033,3.078411481283183e-8,0.9897080063819885],"CCameraCFrame":[161.62232971191407,11.349181175231934,-230.25531005859376,0.9897081255912781,-0.14091220498085023,0.02493576519191265,1.862645371275562e-9,0.17425233125686646,0.9847009778022766,-0.1431015133857727,-0.9745665788650513,0.17245890200138093],"time":0.31493091583251955},{"ShiftLock":true,"VVelocity":[-15.8353271484375,-0.14271336793899537,2.289623737335205],"AAnimation":{"Name":"Idle","Weight":0},"CCFrame":[159.23085021972657,-8.391308784484864,-233.16839599609376,0.9897080063819885,-8.46574454982374e-9,0.14310148358345033,1.1500774554917826e-8,1,-2.038178514851552e-8,-0.14310148358345033,2.181779379384352e-8,0.9897080063819885],"CCameraCFrame":[161.49037170410157,11.335579872131348,-230.23623657226563,0.9897081255912781,-0.14091220498085023,0.02493576519191265,1.862645371275562e-9,0.17425233125686646,0.9847009778022766,-0.1431015133857727,-0.9745665788650513,0.17245890200138093],"time":0.3211691379547119},{"ShiftLock":true,"VVelocity":[-15.8353271484375,1.3635860681533814,2.289623737335205],"AAnimation":{"Name":"Idle","Weight":0},"CCFrame":[159.09889221191407,-8.382028579711914,-233.14932250976563,0.9897080063819885,-1.50977874646685e-9,0.14310148358345033,2.0510335652090818e-9,1,-3.6348020149290507e-9,-0.14310148358345033,3.89089871433157e-9,0.9897080063819885],"CCameraCFrame":[161.4243927001953,11.33498477935791,-230.22669982910157,0.9897081255912781,-0.14091220498085023,0.02493576519191265,1.862645371275562e-9,0.17425233125686646,0.9847009778022766,-0.1431015133857727,-0.9745665788650513,0.17245890200138093],"time":0.3295588493347168},{"ShiftLock":true,"VVelocity":[-15.8353271484375,2.063262701034546,2.289623737335205],"AAnimation":{"Name":"Idle","Weight":0},"CCFrame":[159.0329132080078,-8.373431205749512,-233.13978576660157,0.9897080063819885,1.967088714138754e-9,0.14310148358345033,-2.6723216972612819e-9,1,4.736006253835967e-9,-0.14310148358345033,-5.0696766784597e-9,0.9897080063819885],"CCameraCFrame":[161.2924346923828,11.34426498413086,-230.20762634277345,0.9897081255912781,-0.14091220498085023,0.02493576519191265,1.862645371275562e-9,0.17425233125686646,0.9847009778022766,-0.1431015133857727,-0.9745665788650513,0.17245890200138093],"time":0.33170270919799807},{"ShiftLock":true,"VVelocity":[-15.8353271484375,2.360257387161255,2.289623737335205],"AAnimation":{"Name":"Idle","Weight":0},"CCFrame":[158.9009552001953,-8.35386848449707,-233.12071228027345,0.9897080063819885,8.918592975248885e-9,0.14310148358345033,-1.2116002423567807e-8,1,2.1472256861443385e-8,-0.14310148358345033,-2.298508405829125e-8,0.9897080063819885],"CCameraCFrame":[161.22645568847657,11.352862358093262,-230.19808959960938,0.9897081255912781,-0.14091220498085023,0.02493576519191265,1.862645371275562e-9,0.17425233125686646,0.9847009778022766,-0.1431015133857727,-0.9745665788650513,0.17245890200138093],"time":0.3386719226837158},{"ShiftLock":true,"VVelocity":[-15.8353271484375,2.2511250972747804,2.289623737335205],"AAnimation":{"Name":"Idle","Weight":0},"CCFrame":[158.83497619628907,-8.344489097595215,-233.11117553710938,0.9894727468490601,1.2355644507522357e-8,0.14471915364265443,-1.6849996953283154e-8,1,2.982997315825742e-8,-0.14471915364265443,-3.195446396375701e-8,0.9894727468490601],"CCameraCFrame":[161.09768676757813,11.374399185180664,-230.1936492919922,0.9894728660583496,-0.14252056181430818,0.025130322203040124,0,0.1736489236354828,0.9848076701164246,-0.1447191834449768,-0.9744404554367065,0.17182086408138276],"time":0.34576916694641116},{"ShiftLock":true,"VVelocity":[-15.832094192504883,1.8711804151535035,2.3118667602539064],"AAnimation":{"Name":"Idle","Weight":0},"CCFrame":[158.7030487060547,-8.328047752380371,-233.09193420410157,0.987497091293335,1.8884048103018359e-8,0.15763738751411439,-2.6532511299137697e-8,1,4.6414928789317858e-8,-0.15763738751411439,-5.001712466423669e-8,0.987497091293335],"CCameraCFrame":[161.06976318359376,11.383780479431153,-230.2130889892578,0.9874970316886902,-0.15524251759052277,0.027373451739549638,-1.8626449271863522e-9,0.1736481934785843,0.9848077893257141,-0.15763737261295319,-0.9724947810173035,0.17147709429264069],"time":0.35161542892456057},{"ShiftLock":true,"VVelocity":[-15.812005996704102,1.6634016036987305,2.443324089050293],"AAnimation":{"Name":"Idle","Weight":0},"CCFrame":[158.6371612548828,-8.32111644744873,-233.08175659179688,0.9842172861099243,2.1372384750861785e-8,0.1769641786813736,-3.153378358433656e-8,1,5.460828944592322e-8,-0.1769641786813736,-5.932677282771692e-8,0.9842172861099243],"CCameraCFrame":[160.9942169189453,11.400221824645996,-230.23822021484376,0.9842172861099243,-0.1742756962776184,0.030729493126273156,1.862645149230957e-9,0.17364808917045594,0.9848077893257141,-0.1769641786813736,-0.9692648649215698,0.17090745270252229],"time":0.3569667339324951},{"ShiftLock":true,"VVelocity":[-15.771675109863282,1.464213490486145,2.6858885288238527],"AAnimation":{"Name":"Idle","Weight":0},"CCFrame":[158.57144165039063,-8.31501579284668,-233.07057189941407,0.9813523888587952,2.3920771141661136e-8,0.192217156291008,-3.666051284767491e-8,1,6.272131258810987e-8,-0.192217156291008,-6.85984886672486e-8,0.9813523888587952],"CCameraCFrame":[160.9723358154297,11.407153129577637,-230.26393127441407,0.9813524484634399,-0.18929696083068849,0.03337821736931801,-3.725290298461914e-9,0.17364847660064698,0.9848077893257141,-0.1922171711921692,-0.9664435386657715,0.17041034996509553],"time":0.3621695041656494},{"ShiftLock":true,"VVelocity":[-15.71148681640625,-0.17078649997711183,3.020689010620117],"AAnimation":{"Name":"Idle","Weight":0},"CCFrame":[158.44044494628907,-8.313032150268555,-233.0457763671875,0.9752768278121948,2.8834687526568815e-8,0.22098660469055177,-4.738316050634239e-8,1,7.863377504691016e-8,-0.22098660469055177,-8.71607497288096e-8,0.9752768278121948],"CCameraCFrame":[160.98846435546876,11.413253784179688,-230.3226318359375,0.9752768874168396,-