[{"ShiftLock":false,"VVelocity":[0,0.000012994512871955522,0],"AAnimation":{"Name":"Idle","Weight":0},"CCFrame":[177.10809326171876,-7.470168590545654,-224.551513671875,0.736915647983551,0,0.6759847402572632,0,1,0,-0.6759847402572632,0,0.736915647983551],"CCameraCFrame":[179.21075439453126,11.670413970947266,-222.2593231201172,0.7369160652160645,-0.66571444272995,0.11738366633653641,0,0.17364850640296937,0.9848076105117798,-0.675984263420105,-0.7257205247879028,0.12796437740325929],"time":0},{"ShiftLock":true,"VVelocity":[-1.9860469102859498,0.000012994512871955522,1.6391727924346924],"AAnimation":{"Name":"Idle","Weight":0},"CCFrame":[177.09982299804688,-7.470168590545654,-224.544677734375,0.7707237005233765,0,0.6371695399284363,0,1,0,-0.6371695399284363,0,0.7707237005233765],"CCameraCFrame":[180.43878173828126,11.670417785644532,-223.26922607421876,0.7707237005233765,-0.6274895668029785,0.11064306646585465,-7.450580596923828e-9,0.17364776134490968,0.9848078489303589,-0.6371695399284363,-0.7590147256851196,0.13383443653583527],"time":0.004934549331665039},{"ShiftLock":true,"VVelocity":[-5.954953193664551,0.000012994512871955522,4.9213762283325199],"AAnimation":{"Name":"Idle","Weight":0},"CCFrame":[177.0584716796875,-7.470168590545654,-224.510498046875,0.7707236409187317,0,0.637169599533081,0,1,0,-0.637169599533081,0,0.7707236409187317],"CCameraCFrame":[180.43051147460938,11.670417785644532,-223.26239013671876,0.7707237005233765,-0.6274896264076233,0.11064308136701584,7.450580596923828e-9,0.17364779114723206,0.9848078489303589,-0.637169599533081,-0.7590147256851196,0.13383445143699647],"time":0.011783361434936524},{"ShiftLock":true,"VVelocity":[-7.939406394958496,-0.0006453939713537693,6.562478065490723],"AAnimation":{"Name":"Idle","Weight":0},"CCFrame":[177.025390625,-7.4701714515686039,-224.483154296875,0.7707237005233765,0,0.6371695399284363,0,1,0,-0.6371695399284363,0,0.7707237005233765],"CCameraCFrame":[180.38916015625,11.670417785644532,-223.22821044921876,0.7707237005233765,-0.6274896264076233,0.11064308136701584,7.450580596923828e-9,0.17364779114723206,0.9848078489303589,-0.637169599533081,-0.7590147256851196,0.13383445143699647],"time":0.016901254653930665},{"ShiftLock":true,"VVelocity":[-11.42868423461914,-0.00047738582361489534,9.448038101196289],"AAnimation":{"Name":"Idle","Weight":0},"CCFrame":[176.93641662597657,-7.470177173614502,-224.40960693359376,0.7702015042304993,0,0.6378005743026733,0,1,0,-0.6378005743026733,0,0.7702015042304993],"CCameraCFrame":[180.3571319580078,11.670413970947266,-223.20358276367188,0.770201563835144,-0.6281110048294067,0.11075295507907868,0,0.17364826798439027,0.9848077297210693,-0.6378006339073181,-0.7585004568099976,0.13374415040016175],"time":0.023494720458984376},{"ShiftLock":true,"VVelocity":[-11.987771987915039,-0.0008289031102322042,9.9210205078125],"AAnimation":{"Name":"Idle","Weight":0},"CCFrame":[176.886474609375,-7.470180511474609,-224.36827087402345,0.7696812748908997,0,0.6384283304214478,0,1,0,-0.6384283304214478,0,0.7696812748908997],"CCameraCFrame":[180.26919555664063,11.670408248901368,-223.13275146484376,0.7696813941001892,-0.6287291646003723,0.11086198687553406,0,0.17364829778671266,0.9848077297210693,-0.6384283304214478,-0.7579882144927979,0.13365383446216584],"time":0.02928781509399414},{"ShiftLock":true,"VVelocity":[-12.268898010253907,-0.0010097479680553079,10.173532485961914],"AAnimation":{"Name":"Idle","Weight":0},"CCFrame":[176.78456115722657,-7.470188617706299,-224.28378295898438,0.7696813344955444,0,0.638428270816803,0,1,0,-0.638428270816803,0,0.7696813344955444],"CCameraCFrame":[180.21925354003907,11.670404434204102,-223.09141540527345,0.7696813941001892,-0.6287291646003723,0.11086198687553406,0,0.17364829778671266,0.9848077297210693,-0.6384283304214478,-0.7579882144927979,0.13365383446216584],"time":0.03551363945007324},{"ShiftLock":true,"VVelocity":[-12.297649383544922,-0.001028236118145287,10.199357986450196],"AAnimation":{"Name":"Idle","Weight":0},"CCFrame":[176.7333221435547,-7.470192909240723,-224.2412872314453,0.7686372399330139,0,0.6396849155426025,0,1,0,-0.6396849155426025,0,0.7686372399330139],"CCameraCFrame":[180.11941528320313,11.67039680480957,-223.0123748779297,0.7686372995376587,-0.629966676235199,0.11108005791902542,0,0.17364810407161714,0.9848077297210693,-0.6396849155426025,-0.7569599747657776,0.13347239792346955],"time":0.04174351692199707},{"ShiftLock":true,"VVelocity":[-12.29811954498291,-0.0010367132490500808,10.229951858520508],"AAnimation":{"Name":"Idle","Weight":0},"CCFrame":[176.63084411621095,-7.47020149230957,-224.1560821533203,0.7681134939193726,0,0.6403136849403381,0,1,0,-0.6403136849403381,0,0.7681134939193726],"CCameraCFrame":[180.06922912597657,11.670393943786621,-222.9726104736328,0.7681134939193726,-0.6305860280990601,0.1111890971660614,7.4505797087454088e-9,0.17364785075187684,0.9848078489303589,-0.6403137445449829,-0.7564442157745361,0.13338126242160798],"time":0.048094749450683597},{"ShiftLock":true,"VVelocity":[-12.292929649353028,-0.0010371976532042027,10.239368438720704],"AAnimation":{"Name":"Idle","Weight":0},"CCFrame":[176.57962036132813,-7.470205783843994,-224.11341857910157,0.7670664191246033,0,0.6415677070617676,0,1,0,-0.6415677070617676,0,0.7670664191246033],"CCameraCFrame":[179.96881103515626,11.670381546020508,-222.89285278320313,0.7670664191246033,-0.631820797920227,0.11140716075897217,7.450580596923828e-9,0.17364834249019624,0.9848076701164246,-0.6415677070617676,-0.7554128766059876,0.1331998109817505],"time":0.05342817306518555},{"ShiftLock":true,"VVelocity":[-12.275856018066407,-0.001036470988765359,10.261466979980469],"AAnimation":{"Name":"Idle","Weight":0},"CCFrame":[176.47731018066407,-7.470214366912842,-224.02793884277345,0.7670664191246033,0,0.6415677070617676,0,1,0,-0.6415677070617676,0,0.7670664191246033],"CCameraCFrame":[179.91758728027345,11.670377731323243,-222.85018920898438,0.767066478729248,-0.6318207383155823,0.11140714585781098,7.450581485102248e-9,0.17364832758903504,0.9848076105117798,-0.6415677070617676,-0.7554128766059876,0.1331997960805893],"time":0.059372663497924808},{"ShiftLock":true,"VVelocity":[-12.274109840393067,-0.001036390196532011,10.263726234436036],"AAnimation":{"Name":"Idle","Weight":0},"CCFrame":[176.42616271972657,-7.470218658447266,-223.98516845703126,0.7660156488418579,0,0.6428219676017761,0,1,0,-0.6428219676017761,0,0.7660156488418579],"CCameraCFrame":[179.8173370361328,11.670372009277344,-222.7701873779297,0.7660157084465027,-0.6330560445785523,0.11162438243627548,0,0.1736474484205246,0.9848078489303589,-0.6428219079971314,-0.7543782591819763,0.1330166608095169],"time":0.06604957580566406},{"ShiftLock":true,"VVelocity":[-12.25876235961914,-0.0010352599201723934,10.282137870788575],"AAnimation":{"Name":"Idle","Weight":0},"CCFrame":[176.32398986816407,-7.470227241516113,-223.89950561523438,0.7649648189544678,0,0.6440720558166504,0,1,0,-0.6440720558166504,0,0.7649648189544678],"CCameraCFrame":[179.7682342529297,11.670368194580079,-222.7328643798828,0.7649648785591126,-0.6342872381210327,0.1118416115641594,0,0.1736476868391037,0.9848078489303589,-0.6440720558166504,-0.753343403339386,0.13283437490463258],"time":0.07220101356506348},{"ShiftLock":true,"VVelocity":[-12.246685028076172,-0.0010344525799155236,10.29652214050293],"AAnimation":{"Name":"Idle","Weight":0},"CCFrame":[176.27296447753907,-7.470231533050537,-223.85659790039063,0.7633840441703796,0,0.6459448337554932,0,1,0,-0.6459448337554932,0,0.7633840441703796],"CCameraCFrame":[179.66912841796876,11.670357704162598,-222.6553955078125,0.7633841633796692,-0.6361315250396729,0.11216701567173004,0,0.17364796996116639,0.9848077297210693,-0.6459448933601379,-0.7517866492271423,0.13256008923053742],"time":0.07775068283081055},{"ShiftLock":true,"VVelocity":[-12.218720436096192,-0.001032514963299036,10.329690933227539],"AAnimation":{"Name":"Idle","Weight":0},"CCFrame":[176.1710968017578,-7.470240116119385,-223.7705535888672,0.7628555297851563,0,0.6465689539909363,0,1,0,-0.6465689539909363,0,0.7628555297851563],"CCameraCFrame":[179.61911010742188,11.670354843139649,-222.615234375,0.7628555297851563,-0.6367462277412415,0.11227519810199738,7.450580596923828e-9,0.1736476719379425,0.9848078489303589,-0.646569013595581,-0.7512661218643189,0.1324680894613266],"time":0.08388400077819824},{"ShiftLock":true,"VVelocity":[-12.207521438598633,-0.0010317076230421663,10.342935562133789],"AAnimation":{"Name":"Idle","Weight":0},"CCFrame":[176.06936645507813,-7.470248699188232,-223.68438720703126,0.7617990374565125,0,0.6478134393692017,0,1,0,-0.6478134393692017,0,0.7617990374565125],"CCameraCFrame":[179.51927185058595,11.670345306396485,-222.53465270996095,0.7617990970611572,-0.6379716992378235,0.11249156296253205,0,0.17364808917045594,0.9848077297210693,-0.6478134393692017,-0.7502256631851196,0.13228493928909303],"time":0.09102511405944824},{"ShiftLock":true,"VVelocity":[-12.19581127166748,-0.0010309002827852965,10.356735229492188],"AAnimation":{"Name":"Idle","Weight":0},"CCFrame":[176.0185546875,-7.470252990722656,-223.6412353515625,0.7612689137458801,0,0.6484362483024597,0,1,0,-0.6484362483024597,0,0.7612689137458801],"CCameraCFrame":[179.41854858398438,11.67033576965332,-222.4512176513672,0.7612690925598145,-0.6385849714279175,0.11259973794221878,-7.450580596923828e-9,0.1736481487751007,0.9848077297210693,-0.6484361886978149,-0.7497037053108215,0.1321929395198822],"time":0.09549212455749512},{"ShiftLock":true,"VVelocity":[-12.186119079589844,-0.0010302544105798007,10.36813735961914],"AAnimation":{"Name":"Idle","Weight":0},"CCFrame":[175.9677734375,-7.47025728225708,-223.59803771972657,0.7607384324073792,0,0.6490585803985596,0,1,0,-0.6490585803985596,0,0.7607384324073792],"CCameraCFrame":[179.36875915527345,11.670331954956055,-222.41079711914063,0.7607383728027344,-0.6391978859901428,0.11270792782306671,0,0.17364829778671266,0.9848077297210693,-0.6490585803985596,-0.7491810321807861,0.1321009397506714],"time":0.10241007804870606},{"ShiftLock":true,"VVelocity":[-12.173826217651368,-0.0010292856022715569,10.382575035095215],"AAnimation":{"Name":"Idle","Weight":0},"CCFrame":[175.86631774902345,-7.470265865325928,-223.51153564453126,0.7596781849861145,0,0.6502991914749146,0,1,0,-0.6502991914749146,0,0.7596781849861145],"CCameraCFrame":[179.31997680664063,11.670326232910157,-222.37307739257813,0.7596782445907593,-0.6404196619987488,0.11292342841625214,0,0.17364844679832459,0.9848076105117798,-0.6502992510795593,-0.7481369376182556,0.13191692531108857],"time":0.10784792900085449},{"ShiftLock":true,"VVelocity":[-12.161966323852539,-0.001028478262014687,10.39645767211914],"AAnimation":{"Name":"Idle","Weight":0},"CCFrame":[175.81564331054688,-7.470270156860352,-223.4682159423828,0.7591464519500732,0,0.6509199142456055,0,1,0,-0.6509199142456055,0,0.7591464519500732],"CCameraCFrame":[179.21951293945313,11.670320510864258,-222.28932189941407,0.759146511554718,-0.6410309076309204,0.11303077638149262,-7.450580596923828e-9,0.17364776134490968,0.9848078489303589,-0.6509197950363159,-0.7476134300231934,0.1318240910768509],"time":0.11423182487487793},{"ShiftLock":true,"VVelocity":[-12.148540496826172,-0.0010275094537064434,10.412149429321289],"AAnimation":{"Name":"Idle","Weight":0},"CCFrame":[175.7144012451172,-7.470278739929199,-223.3814697265625,0.7591464519500732,0,0.6509198546409607,0,1,0,-0.6509198546409607,0,0.7591464519500732],"CCameraCFrame":[179.16883850097657,11.670316696166993,-222.24600219726563,0.759146511554718,-0.6410309672355652,0.11303079128265381,0,0.17364779114723206,0.9848078489303589,-0.6509198546409607,-0.7476134300231934,0.13182410597801209],"time":0.1206369400024414},{"ShiftLock":true,"VVelocity":[-12.147167205810547,-0.0010274286614730955,10.4137544631958],"AAnimation":{"Name":"Idle","Weight":0},"CCFrame":[175.66378784179688,-7.470283031463623,-223.33807373046876,0.7586138844490051,0,0.6515404582023621,0,1,0,-0.6515404582023621,0,0.7586138844490051],"CCameraCFrame":[179.068603515625,11.670306205749512,-222.1619873046875,0.7586138844490051,-0.641642153263092,0.11313896626234055,0,0.1736484169960022,0.9848077297210693,-0.6515405178070068,-0.7470887899398804,0.13173209130764008],"time":0.125227689743042},{"ShiftLock":true,"VVelocity":[-12.13913631439209,-0.0010268634650856257,10.423115730285645],"AAnimation":{"Name":"Idle","Weight":0},"CCFrame":[175.5626220703125,-7.470291614532471,-223.251220703125,0.7586139440536499,0,0.6515403985977173,0,1,0,-0.6515403985977173,0,0.7586139440536499],"CCameraCFrame":[179.0179901123047,11.67030143737793,-222.11859130859376,0.7586138844490051,-0.641642153263092,0.11313896626234055,0,0.1736484169960022,0.9848077297210693,-0.6515405178070068,-0.7470887899398804,0.13173209130764008],"time":0.13237357139587403},{"ShiftLock":true,"VVelocity":[-12.138315200805664,-0.0010268634650856257,10.424073219299317],"AAnimation":{"Name":"Idle","Weight":0},"CCFrame":[175.5120391845703,-7.4702959060668949,-223.20779418945313,0.7580811381340027,0,0.6521602869033814,0,1,0,-0.6521602869033814,0,0.7580811381340027],"CCameraCFrame":[178.91781616210938,11.670293807983399,-222.03448486328126,0.7580811977386475,-0.6422524452209473,0.11324629187583924,7.450581485102248e-9,0.17364796996116639,0.9848077297210693,-0.6521602272987366,-0.7465642094612122,0.1316392421722412],"time":0.13795208930969239},{"ShiftLock":true,"VVelocity":[-12.130566596984864,-0.0010262982686981559,10.433088302612305],"AAnimation":{"Name":"Idle","Weight":0},"CCFrame":[175.41094970703126,-7.470304489135742,-223.12086486816407,0.7580811977386475,0,0.6521602272987366,0,1,0,-0.6521602272987366,0,0.7580811977386475],"CCameraCFrame":[178.8672332763672,11.670289039611817,-221.99105834960938,0.7580811977386475,-0.6422523856163025,0.11324628442525864,0,0.173647940158844,0.9848077297210693,-0.6521601676940918,-0.7465642094612122,0.1316392421722412],"time":0.1443166732788086},{"ShiftLock":true,"VVelocity":[-12.12977409362793,-0.001026217476464808,10.43401050567627],"AAnimation":{"Name":"Idle","Weight":0},"CCFrame":[175.36041259765626,-7.470308780670166,-223.077392578125,0.7580811381340027,0,0.6521602869033814,0,1,0,-0.6521602869033814,0,0.7580811381340027],"CCameraCFrame":[178.76614379882813,11.670280456542969,-221.9041290283203,0.7580811977386475,-0.6422523856163025,0.11324628442525864,0,0.173647940158844,0.9848077297210693,-0.6521601676940918,-0.7465642094612122,0.1316392421722412],"time":0.15100693702697755},{"ShiftLock":true,"VVelocity":[-12.129477500915528,-0.001026217476464808,10.434355735778809],"AAnimation":{"Name":"Idle","Weight":0},"CCFrame":[175.30987548828126,-7.47031307220459,-223.03392028808595,0.7575478553771973,0,0.6527795791625977,0,1,0,-0.6527795791625977,0,0.7575478553771973],"CCameraCFrame":[178.7165985107422,11.670278549194336,-221.8634033203125,0.7575479745864868,-0.6428624987602234,0.11335362493991852,0,0.17364764213562013,0.9848078489303589,-0.6527796387672424,-0.7460392117500305,0.13154639303684236],"time":0.15674448013305665},{"ShiftLock":true,"VVelocity":[-12.121991157531739,-0.0010256522800773383,10.443050384521485],"AAnimation":{"Name":"Idle","Weight":0},"CCFrame":[175.20884704589845,-7.4703216552734379,-222.9468994140625,0.7575478553771973,0,0.6527795791625977,0,1,0,-0.6527795791625977,0,0.7575478553771973],"CCameraCFrame":[178.6660614013672,11.670273780822754,-221.81993103027345,0.7575479745864868,-0.6428624987602234,0.11335363984107971,0,0.1736476719379425,0.9848078489303589,-0.6527796387672424,-0.7460392117500305,0.13154640793800355],"time":0.16248130798339845},{"ShiftLock":true,"VVelocity":[-12.121225357055664,-0.0010256522800773383,10.443939208984375],"AAnimation":{"Name":"Idle","Weight":0},"CCFrame":[175.15834045410157,-7.470325946807861,-222.90338134765626,0.7575478553771973,0,0.6527795791625977,0,1,0,-0.6527795791625977,0,0.7575478553771973],"CCameraCFrame":[178.56503295898438,11.670265197753907,-221.73291015625,0.7575479745864868,-0.6428624987602234,0.11335363984107971,0,0.1736476719379425,0.9848078489303589,-0.6527796387672424,-0.7460392117500305,0.13154640793800355],"time":0.16808462142944337},{"ShiftLock":true,"VVelocity":[-12.120938301086426,-0.0010256522800773383,10.444272994995118],"AAnimation":{"Name":"Idle","Weight":0},"CCFrame":[175.1078338623047,-7.470330238342285,-222.85986328125,0.7570137977600098,0,0.6533989310264587,0,1,0,-0.6533989310264587,0,0.7570137977600098],"CCameraCFrame":[178.51551818847657,11.670257568359375,-221.69212341308595,0.7570137977600098,-0.6434721946716309,0.11346179991960526,0,0.17364859580993653,0.9848076701164246,-0.653398871421814,-0.7455130219459534,0.13145439326763154],"time":0.1740422248840332},{"ShiftLock":true,"VVelocity":[-12.113447189331055,-0.0010250870836898685,10.452960014343262],"AAnimation":{"Name":"Idle","Weight":0},"CCFrame":[175.0068817138672,-7.470338821411133,-222.77276611328126,0.7570138573646545,0,0.653398871421814,0,1,0,-0.653398871421814,0,0.7570138573646545],"CCameraCFrame":[178.4650115966797,11.670252799987793,-221.6486053466797,0.7570137977600098,-0.6434721946716309,0.11346179991960526,0,0.17364859580993653,0.9848076701164246,-0.653398871421814,-0.7455130219459534,0.13145439326763154],"time":0.1808149814605713},{"ShiftLock":true,"VVelocity":[-12.112680435180664,-0.0010250870836898685,10.453848838806153],"AAnimation":{"Name":"Idle","Weight":0},"CCFrame":[174.95640563964845,-7.470343112945557,-222.7292022705078,0.7564795017242432,0,0.6540173888206482,0,1,0,-0.6540173888206482,0,0.7564795017242432],"CCameraCFrame":[178.36505126953126,11.670244216918946,-221.5642547607422,0.7564796209335327,-0.6440812349319458,0.11356913298368454,-1.4901162970204497e-8,0.17364850640296937,0.9848076701164246,-0.6540172696113586,-0.7449869513511658,0.13136154413223267],"time":0.18647408485412599},{"ShiftLock":true,"VVelocity":[-12.104939460754395,-0.0010245218873023987,10.462810516357422],"AAnimation":{"Name":"Idle","Weight":0},"CCFrame":[174.85552978515626,-7.470351696014404,-222.64202880859376,0.7559447884559631,0,0.6546354293823242,0,1,0,-0.6546354293823242,0,0.7559447884559631],"CCameraCFrame":[178.31556701660157,11.67024040222168,-221.5234375,0.7559448480606079,-0.6446900367736816,0.11367645114660263,-7.450582373280668e-9,0.17364850640296937,0.9848076105117798,-0.654635488986969,-0.7444602251052856,0.1312686651945114],"time":0.19199132919311524},{"ShiftLock":true,"VVelocity":[-12.098799705505371,-0.0010240374831482769,10.469907760620118],"AAnimation":{"Name":"Idle","Weight":0},"CCFrame":[174.80511474609376,-7.470355987548828,-222.59840393066407,0.755409836769104,0,0.6552526354789734,0,1,0,-0.6552526354789734,0,0.755409836769104],"CCameraCFrame":[178.2156524658203,11.670234680175782,-221.43902587890626,0.755409836769104,-0.6452979445457459,0.11378295719623566,0,0.1736474633216858,0.9848078489303589,-0.6552526354789734,-0.7439335584640503,0.1311749964952469],"time":0.198256254196167},{"ShiftLock":true,"VVelocity":[-12.091148376464844,-0.001023472286760807,10.478741645812989],"AAnimation":{"Name":"Idle","Weight":0},"CCFrame":[174.75473022460938,-7.470360279083252,-222.55474853515626,0.754874050617218,0,0.6558697819709778,0,1,0,-0.6558697819709778,0,0.754874050617218],"CCameraCFrame":[178.16622924804688,11.670230865478516,-221.39813232421876,0.7548741102218628,-0.6459057331085205,0.11389029026031494,-7.450581485102248e-9,0.1736477166414261,0.9848078489303589,-0.6558697819709778,-0.7434059381484985,0.13108214735984803],"time":0.20415782928466798},{"ShiftLock":true,"VVelocity":[-12.079835891723633,-0.0010226648300886155,10.491782188415528],"AAnimation":{"Name":"Idle","Weight":0},"CCFrame":[174.654052734375,-7.4703688621521,-222.4673309326172,0.7543376684188843,0,0.6564865708351135,0,1,0,-0.6564865708351135,0,0.7543376684188843],"CCameraCFrame":[178.11683654785157,11.670225143432618,-221.3572235107422,0.7543377876281738,-0.6465129852294922,0.11399761587381363,-7.450581485102248e-9,0.17364808917045594,0.9848077297210693,-0.6564865112304688,-0.7428776621818543,0.13098929822444917],"time":0.21050095558166505},{"ShiftLock":true,"VVelocity":[-12.070871353149414,-0.0010220996337011457,10.502096176147461],"AAnimation":{"Name":"Idle","Weight":0},"CCFrame":[174.55345153808595,-7.470377445220947,-222.37982177734376,0.7532639503479004,0,0.657718300819397,0,1,0,-0.657718300819397,0,0.7532639503479004],"CCameraCFrame":[178.01809692382813,11.670215606689454,-221.27529907226563,0.7532639503479004,-0.6477260589599609,0.11421142518520355,0,0.173647940158844,0.9848077297210693,-0.657718300819397,-0.7418201565742493,0.13080273568630219],"time":0.21702933311462403},{"ShiftLock":true,"VVelocity":[-12.059216499328614,-0.001021211501210928,10.51546859741211],"AAnimation":{"Name":"Idle","Weight":0},"CCFrame":[174.50320434570313,-7.470381736755371,-222.3360137939453,0.7521881461143494,0,0.6589483618736267,0,1,0,-0.6589483618736267,0,0.7521881461143494],"CCameraCFrame":[177.91944885253907,11.670207977294922,-221.1932830810547,0.7521883249282837,-0.648937463760376,0.11442523449659348,0,0.17364828288555146,0.9848077297210693,-0.6589483618736267,-0.740760862827301,0.1306161731481552],"time":0.22368073463439942},{"ShiftLock":true,"VVelocity":[-12.044088363647461,-0.0010201619006693364,10.532784461975098],"AAnimation":{"Name":"Idle","Weight":0},"CCFrame":[174.45301818847657,-7.470386028289795,-222.29212951660157,0.7511106729507446,0,0.6601762771606445,0,1,0,-0.6601762771606445,0,0.7511106729507446],"CCameraCFrame":[177.87112426757813,11.67020320892334,-221.1549835205078,0.7511107921600342,-0.6501466631889343,0.11463819444179535,0,0.17364788055419923,0.9848077297210693,-0.6601762175559998,-0.7396997213363648,0.13042877614498139],"time":0.22824978828430177},{"ShiftLock":true,"VVelocity":[-12.021472930908204,-0.001018547103740275,10.558595657348633],"AAnimation":{"Name":"Idle","Weight":0},"CCFrame":[174.35281372070313,-7.470394611358643,-222.2041778564453,0.7489500045776367,0,0.6626265645027161,0,1,0,-0.6626265645027161,0,0.7489500045776367],"CCameraCFrame":[177.8247833251953,11.670202255249024,-221.1221160888672,0.7489500641822815,-0.6525599360466003,0.11506328731775284,0,0.17364728450775147,0.9848079681396484,-0.6626265645027161,-0.7375720143318176,0.13005313277244569],"time":0.23564887046813966},{"ShiftLock":true,"VVelocity":[-11.997551918029786,-0.0006359471008181572,10.585738182067871],"AAnimation":{"Name":"Idle","Weight":0},"CCFrame":[174.30282592773438,-7.470397472381592,-222.16006469726563,0.7478665709495544,0,0.6638491153717041,0,1,0,-0.6638491153717041,0,0.7478665709495544],"CCameraCFrame":[177.7264862060547,11.670190811157227,-221.0396728515625,0.7478665709495544,-0.6537637710571289,0.11527623236179352,7.450580596923828e-9,0.17364825308322907,0.9848077297210693,-0.6638491749763489,-0.7365047931671143,0.12986570596694947],"time":0.24083185195922852},{"ShiftLock":true,"VVelocity":[-11.970319747924805,-1.6356358528137208,10.616544723510743],"AAnimation":{"Name":"Idle","Weight":0},"CCFrame":[174.20303344726563,-7.480621337890625,-222.07162475585938,0.7462381720542908,0,0.6656790375709534,0,1,0,-0.6656790375709534,0,0.7462381720542908],"CCameraCFrame":[177.67933654785157,11.670186996459961,-221.00381469726563,0.7462381720542908,-0.6555659174919128,0.11559396237134934,-7.450581485102248e-9,0.1736481934785843,0.9848077297210693,-0.6656790971755981,-0.7349011301994324,0.12958289682865144],"time":0.24687981605529786},{"ShiftLock":true,"VVelocity":[-11.951251029968262,-2.4531359672546388,10.637994766235352],"AAnimation":{"Name":"Idle","Weight":0},"CCFrame":[174.1532440185547,-7.490842819213867,-222.0272979736328,0.744605541229248,0,0.6675047874450684,0,1,0,-0.6675047874450684,0,0.744605541229248],"CCameraCFrame":[177.58236694335938,11.659963607788086,-220.9236602783203,0.7446056008338928,-0.6573639512062073,0.1159108430147171,-7.450582373280668e-9,0.17364796996116639,0.9848077297210693,-0.6675048470497131,-0.733293354511261,0.12929922342300416],"time":0.2531898021697998},{"ShiftLock":true,"VVelocity":[-11.918970108032227,-1.6514496803283692,10.674159049987793],"AAnimation":{"Name":"Idle","Weight":0},"CCFrame":[174.0538787841797,-7.511351585388184,-221.93838500976563,0.7435124516487122,0,0.6687220931053162,0,1,0,-0.6687220931053162,0,0.7435124516487122],"CCameraCFrame":[177.53445434570313,11.649744033813477,-220.88485717773438,0.7435123920440674,-0.6585628390312195,0.11612211167812348,7.450580596923828e-9,0.17364777624607087,0.9848078489303589,-0.6687221527099609,-0.7322168350219727,0.12910927832126618],"time":0.26006484031677248},{"ShiftLock":true,"VVelocity":[-11.90473747253418,-0.6883746981620789,10.690031051635743],"AAnimation":{"Name":"Idle","Weight":0},"CCFrame":[174.0042724609375,-7.514219760894775,-221.8938446044922,0.7418725490570068,0,0.6705408692359924,0,1,0,-0.6705408692359924,0,0.7418725490570068],"CCameraCFrame":[177.43788146972657,11.629233360290528,-220.80422973632813,0.7418726086616516,-0.6603537797927856,0.11643814295530319,-7.450581485102248e-9,0.17364808917045594,0.9848077297210693,-0.6705408096313477,-0.7306019067764282,0.12882477045059205],"time":0.2645394802093506},{"ShiftLock":true,"VVelocity":[-11.883002281188965,-0.13085681200027467,10.714170455932618],"AAnimation":{"Name":"Idle","Weight":0},"CCFrame":[173.9547576904297,-7.514764785766602,-221.8491973876953,0.7413251399993897,0,0.671146035194397,0,1,0,-0.671146035194397,0,0.7413251399993897],"CCameraCFrame":[177.38919067382813,11.626367568969727,-220.762451171875,0.7413251399993897,-0.6609498858451843,0.11654292047023773,0,0.17364762723445893,0.9848078489303589,-0.671146035194397,-0.7300628423690796,0.12872935831546784],"time":0.270801305770874},{"ShiftLock":true,"VVelocity":[-11.86426830291748,0.33594369888305666,10.734938621520996],"AAnimation":{"Name":"Idle","Weight":0},"CCFrame":[173.85586547851563,-7.512623310089111,-221.759765625,0.7402285933494568,0,0.6723552942276001,0,1,0,-0.6723552942276001,0,0.7402285933494568],"CCameraCFrame":[177.34152221679688,11.62582015991211,-220.72332763671876,0.740228533744812,-0.6621407270431519,0.11675331741571427,7.450580596923828e-9,0.17364823818206788,0.9848077297210693,-0.6723553538322449,-0.7289828062057495,0.12853938341140748],"time":0.2779686450958252},{"ShiftLock":true,"VVelocity":[-11.851386070251465,0.4040265679359436,10.749155044555664],"AAnimation":{"Name":"Idle","Weight":0},"CCFrame":[173.80648803710938,-7.510940074920654,-221.71498107910157,0.7391301989555359,0,0.6735625267028809,0,1,0,-0.6735625267028809,0,0.7391301989555359],"CCameraCFrame":[177.2444610595703,11.627962112426758,-220.63943481445313,0.7391302585601807,-0.6633296608924866,0.11696287244558335,0,0.17364811897277833,0.9848077297210693,-0.6735625863075256,-0.7279012203216553,0.12834857404232026],"time":0.2830500602722168},{"ShiftLock":true,"VVelocity":[-11.829641342163086,0.40657421946525576,10.773085594177246],"AAnimation":{"Name":"Idle","Weight":0},"CCFrame":[173.7078857421875,-7.507496356964111,-221.62522888183595,0.7385803461074829,0,0.6741654872894287,0,1,0,-0.6741654872894287,0,0.7385803461074829],"CCameraCFrame":[177.1959991455078,11.629644393920899,-220.597412109375,0.7385803461074829,-0.6639233827590942,0.11706764250993729,7.4505797087454088e-9,0.17364823818206788,0.9848077297210693,-0.6741654872894287,-0.7273596525192261,0.12825317680835725],"time":0.28983640670776369},{"ShiftLock":true,"VVelocity":[-11.821918487548829,0.37819787859916689,10.781560897827149],"AAnimation":{"Name":"Idle","Weight":0},"CCFrame":[173.65863037109376,-7.50592041015625,-221.58030700683595,0.73692786693573,0,0.6759714484214783,0,1,0,-0.6759714484214783,0,0.73692786693573],"CCameraCFrame":[177.10012817382813,11.633089065551758,-220.51596069335938,0.73692786693573,-0.6657018065452576,0.11738112568855286,0,0.17364805936813355,0.9848077297210693,-0.6759713292121887,-0.7257322669029236,0.12796610593795777],"time":0.295393705368042},{"ShiftLock":true,"VVelocity":[-11.795215606689454,0.30626237392425539,10.810763359069825],"AAnimation":{"Name":"Idle","Weight":0},"CCFrame":[173.560302734375,-7.5032148361206059,-221.49024963378907,0.7363737225532532,0,0.6765750050544739,0,1,0,-0.6765750050544739,0,0.7363737225532532],"CCameraCFrame":[177.05177307128907,11.634664535522461,-220.47381591796876,0.736373782157898,-0.6662962436676025,0.1174859032034874,0,0.17364801466464997,0.9848077297210693,-0.6765749454498291,-0.7251865863800049,0.1278698444366455],"time":0.3016395568847656},{"ShiftLock":true,"VVelocity":[-11.786943435668946,0.27034327387809756,10.819786071777344],"AAnimation":{"Name":"Idle","Weight":0},"CCFrame":[173.5111846923828,-7.50208854675293,-221.44515991210938,0.7352665066719055,0,0.6777781248092651,0,1,0,-0.6777781248092651,0,0.7352665066719055],"CCameraCFrame":[176.9552459716797,11.637372016906739,-220.38931274414063,0.7352665066719055,-0.6674813032150269,0.11769460886716843,7.450580596923828e-9,0.1736477017402649,0.9848078489303589,-0.6777781844139099,-0.7240962386131287,0.1276773363351822],"time":0.30788111686706545},{"ShiftLock":true,"VVelocity":[-11.76745319366455,0.20631158351898194,10.840981483459473],"AAnimation":{"Name":"Idle","Weight":0},"CCFrame":[173.41310119628907,-7.500242233276367,-221.35484313964845,0.734159529209137,0,0.6789770126342773,0,1,0,-0.6789770126342773,0,0.734159529209137],"CCameraCFrame":[176.90792846679688,11.638494491577149,-220.34976196289063,0.7341595888137817,-0.6686617732048035,0.11790329962968826,0,0.17364844679832459,0.9848076701164246,-0.6789770126342773,-0.723006010055542,0.12748566269874574],"time":0.31365227699279787},{"ShiftLock":true,"VVelocity":[-11.754390716552735,0.1790456622838974,10.855137825012207],"AAnimation":{"Name":"Idle","Weight":0},"CCFrame":[173.36412048339845,-7.499495983123779,-221.3096160888672,0.7336054444313049,0,0.6795756816864014,0,1,0,-0.6795756816864014,0,0.7336054444313049],"CCameraCFrame":[176.8107452392578,11.640340805053711,-220.26220703125,0.7336054444313049,-0.6692513823509216,0.11800721287727356,7.450582373280668e-9,0.1736483871936798,0.9848076105117798,-0.6795757412910461,-0.7224602103233337,0.12738938629627229],"time":0.319439172744751},{"ShiftLock":true,"VVelocity":[-11.754390716552735,52.999996185302737,10.855137825012207],"AAnimation":{"Name":"Idle","Weight":0},"CCFrame":[173.3151397705078,-7.27866268157959,-221.26438903808595,0.7319380044937134,0,0.68137127161026,0,1,0,-0.68137127161026,0,0.7319380044937134],"CCameraCFrame":[176.76441955566407,11.641092300415039,-220.22532653808595,0.7319380640983582,-0.6710198521614075,0.11831817030906677,0,0.17364716529846192,0.9848079681396484,-0.68137127161026,-0.7208184599876404,0.127098947763443],"time":0.3278501033782959},{"ShiftLock":true,"VVelocity":[-11.754390716552735,51.364994049072269,10.855137825012207],"AAnimation":{"Name":"Idle","Weight":0},"CCFrame":[173.21717834472657,-6.847214698791504,-221.17393493652345,0.7302660346031189,0,0.6831629276275635,0,1,0,-0.6831629276275635,0,0.7302660346031189],"CCameraCFrame":[176.7180938720703,11.861922264099121,-220.1884307861328,0.7302660942077637,-0.6727840304374695,0.11862993240356446,-7.450580596923828e-9,0.17364808917045594,0.9848077297210693,-0.6831628084182739,-0.7191717028617859,0.12680931389331819],"time":0.3318819999694824},{"ShiftLock":true,"VVelocity":[-11.694119453430176,49.7299919128418,10.91999340057373],"AAnimation":{"Name":"Idle","Weight":0},"CCFrame":[173.11965942382813,-6.429391860961914,-221.0830078125,0.7052918076515198,0,0.7089171409606934,0,1,0,-0.7089171409606934,0,0.7052918076515198],"CCameraCFrame":[176.62013244628907,12.293370246887207,-220.0979766845703,0.7302660942077637,-0.6727840304374695,0.11862992495298386,-7.450581485102248e-9,0.17364808917045594,0.9848077297210693,-0.6831628084182739,-0.7191717028617859,0.12680929899215699],"time":0.33865857124328616},{"ShiftLock":true,"VVelocity":[-11.687954902648926,48.91249084472656,10.926626205444336],"AAnimation":{"Name":"Idle","Weight":0},"CCFrame":[173.07095336914063,-6.225589752197266,-221.0374755859375,0.7111871242523193,0,0.7030028104782105,0,1,0,-0.7030028104782105,0,0.7111871242523193],"CCameraCFrame":[176.5234832763672,12.71119499206543,-220.00982666015626,0.729708731174469,-0.6733704209327698,0.1187330037355423,0,0.1736476719379425,0.9848078489303589,-0.6837581992149353,-0.7186228632926941,0.12671220302581788],"time":0.343580961227417},{"ShiftLock":true,"VVelocity":[-11.680069923400879,48.09498977661133,10.935067176818848],"AAnimation":{"Name":"Idle","Weight":0},"CCFrame":[173.0222930908203,-6.02519416809082,-220.99191284179688,0.7086731195449829,0,0.705536961555481,0,1,0,-0.705536961555481,0,0.7086731195449829],"CCameraCFrame":[176.4756622314453,12.914993286132813,-219.96705627441407,0.729150652885437,-0.6739563345909119,0.1188369169831276,7.450580596923828e-9,0.17364850640296937,0.9848076701164246,-0.684353232383728,-0.7180731296539307,0.12661592662334443],"time":0.3503701686859131},{"ShiftLock":true,"VVelocity":[-11.668331146240235,46.45998764038086,10.947600364685059],"AAnimation":{"Name":"Idle","Weight":0},"CCFrame":[172.925048828125,-5.6346211433410648,-220.9007110595703,0.6839678883552551,0,0.729512095451355,0,1,0,-0.729512095451355,0,0.6839678883552551],"CCameraCFrame":[176.42787170410157,13.11539077758789,-219.9242706298828,0.7285923361778259,-0.6745417714118958,0.11893999576568604,7.450581485102248e-9,0.17364831268787385,0.9848077297210693,-0.684947669506073,-0.7175233364105225,0.12651881575584413],"time":0.3570418357849121},{"ShiftLock":true,"VVelocity":[-11.66154670715332,45.642486572265628,10.954826354980469],"AAnimation":{"Name":"Idle","Weight":0},"CCFrame":[172.87646484375,-5.444444179534912,-220.85507202148438,0.7059134840965271,0,0.7082980871200562,0,1,0,-0.7082980871200562,0,0.7059134840965271],"CCameraCFrame":[176.33062744140626,13.505964279174805,-219.83306884765626,0.7285923361778259,-0.674541711807251,0.11894000321626663,0,0.17364832758903504,0.9848077297210693,-0.6849476099014282,-0.7175233364105225,0.1265188306570053],"time":0.3624227046966553},{"ShiftLock":true,"VVelocity":[-11.658049583435059,44.007484436035159,10.958552360534668],"AAnimation":{"Name":"Idle","Weight":0},"CCFrame":[172.77931213378907,-5.0743088722229,-220.76376342773438,0.6818853616714478,0,0.7314590811729431,0,1,0,-0.7314590811729431,0,0.6818853616714478],"CCameraCFrame":[176.28204345703126,13.69614028930664,-219.7874298095703,0.7285923361778259,-0.674541711807251,0.11894000321626663,0,0.17364832758903504,0.9848077297210693,-0.6849476099014282,-0.7175233364105225,0.1265188306570053],"time":0.36827993392944338},{"ShiftLock":true,"VVelocity":[-11.657691955566407,43.18998336791992,10.958932876586914],"AAnimation":{"Name":"Idle","Weight":0},"CCFrame":[172.73074340820313,-4.894350528717041,-220.7180938720703,0.704901397228241,0,0.7093052864074707,0,1,0,-0.7093052864074707,0,0.704901397228241],"CCameraCFrame":[176.18576049804688,14.066276550292969,-219.69891357421876,0.7280334830284119,-0.6751266717910767,0.11904307454824448,7.450580596923828e-9,0.17364822328090669,0.9848077297210693,-0.6855416297912598,-0.7169730067253113,0.126421719789505],"time":0.37376928329467776},{"ShiftLock":true,"VVelocity":[-11.649823188781739,41.55498123168945,10.967296600341797],"AAnimation":{"Name":"Idle","Weight":0},"CCFrame":[172.63365173339845,-4.544652938842773,-220.626708984375,0.680874764919281,0,0.7323998808860779,0,1,0,-0.7323998808860779,0,0.680874764919281],"CCameraCFrame":[176.13719177246095,14.246234893798829,-219.65322875976563,0.7280334234237671,-0.6751266717910767,0.11904306709766388,7.450580596923828e-9,0.17364820837974549,0.9848077297210693,-0.6855416297912598,-0.7169729471206665,0.1264217048883438],"time":0.3798656463623047},{"ShiftLock":true,"VVelocity":[-11.649018287658692,40.73748016357422,10.968152046203614],"AAnimation":{"Name":"Idle","Weight":0},"CCFrame":[172.58511352539063,-4.374913215637207,-220.5810089111328,0.7048153281211853,0,0.7093908190727234,0,1,0,-0.7093908190727234,0,0.7048153281211853],"CCameraCFrame":[176.04010009765626,14.595932006835938,-219.5618438720703,0.7280334234237671,-0.6751266717910767,0.11904306709766388,7.450580596923828e-9,0.17364820837974549,0.9848077297210693,-0.6855416297912598,-0.7169729471206665,0.1264217048883438],"time":0.38623881340026858},{"ShiftLock":true,"VVelocity":[-11.648603439331055,39.10247802734375,10.968592643737793],"AAnimation":{"Name":"Idle","Weight":0},"CCFrame":[172.488037109375,-4.045652866363525,-220.48960876464845,0.6807925701141357,0,0.7324762344360352,0,1,0,-0.7324762344360352,0,0.6807925701141357],"CCameraCFrame":[175.99156188964845,14.765671730041504,-219.51614379882813,0.7280334234237671,-0.6751266717910767,0.11904306709766388,7.450580596923828e-9,0.17364820837974549,0.9848077297210693,-0.6855416297912598,-0.7169729471206665,0.1264217048883438],"time":0.3920104503631592},{"ShiftLock":true,"VVelocity":[-11.648561477661133,38.284976959228519,10.96863842010498],"AAnimation":{"Name":"Idle","Weight":0},"CCFrame":[172.4394989013672,-3.88613224029541,-220.44390869140626,0.7047982215881348,0,0.7094078063964844,0,1,0,-0.7094078063964844,0,0.7047982215881348],"CCameraCFrame":[175.8944854736328,15.094932556152344,-219.42474365234376,0.7280334234237671,-0.6751266717910767,0.11904306709766388,7.450580596923828e-9,0.17364820837974549,0.9848077297210693,-0.6855416297912598,-0.7169729471206665,0.1264217048883438],"time":0.3988029956817627},{"ShiftLock":true,"VVelocity":[-11.648539543151856,36.64997482299805,10.968661308288575],"AAnimation":{"Name":"Idle","Weight":0},"CCFrame":[172.34242248535157,-3.5773093700408937,-220.35250854492188,0.6807763576507568,0,0.7324913144111633,0,1,0,-0.7324913144111633,0,0.6807763576507568],"CCameraCFrame":[175.845947265625,15.2544527053833,-219.37904357910157,0.7280334234237671,-0.6751266717910767,0.11904306709766388,7.450580596923828e-9,0.17364820837974549,0.9848077297210693,-0.6855416297912598,-0.7169729471206665,0.1264217048883438],"time":0.4057886600494385},{"ShiftLock":true,"VVelocity":[-11.648536682128907,35.83247375488281,10.968664169311524],"AAnimation":{"Name":"Idle","Weight":0},"CCFrame":[172.29388427734376,-3.4280073642730715,-220.3068084716797,0.7047948837280273,0,0.7094111442565918,0,1,0,-0.7094111442565918,0,0.7047948837280273],"CCameraCFrame":[175.74887084960938,15.563275337219239,-219.2876434326172,0.7280334234237671,-0.6751266717910767,0.11904306709766388,7.450580596923828e-9,0.17364820837974549,0.9848077297210693,-0.6855416297912598,-0.7169729471206665,0.1264217048883438],"time":0.4102325439453125},{"ShiftLock":true,"VVelocity":[-11.64853572845459,35.01497268676758,10.96866512298584],"AAnimation":{"Name":"Idle","Weight":0},"CCFrame":[172.24534606933595,-3.282111644744873,-220.2611083984375,0.7047945261001587,0,0.7094115018844605,0,1,0,-0.7094115018844605,0,0.7047945261001587],"CCameraCFrame":[175.70033264160157,15.712577819824219,-219.241943359375,0.7280334234237671,-0.6751266717910767,0.11904306709766388,7.450580596923828e-9,0.17364820837974549,0.9848077297210693,-0.6855416297912598,-0.7169729471206665,0.1264217048883438],"time":0.4173429012298584},{"ShiftLock":true,"VVelocity":[-11.64853572845459,33.37997055053711,10.96866512298584],"AAnimation":{"Name":"Idle","Weight":0},"CCFrame":[172.1482696533203,-3.0005390644073488,-220.16970825195313,0.6807727813720703,0,0.7324946522712708,0,1,0,-0.7324946522712708,0,0.6807727813720703],"CCameraCFrame":[175.65179443359376,15.85847282409668,-219.1962432861328,0.7280334234237671,-0.6751266717910767,0.11904306709766388,7.450580596923828e-9,0.17364820837974549,0.9848077297210693,-0.6855416297912598,-0.7169729471206665,0.1264217048883438],"time":0.42319679260253909},{"ShiftLock":true,"VVelocity":[-11.64853572845459,32.562469482421878,10.96866512298584],"AAnimation":{"Name":"Idle","Weight":0},"CCFrame":[172.0997314453125,-2.8648622035980226,-220.12400817871095,0.70479416847229,0,0.7094118595123291,0,1,0,-0.7094118595123291,0,0.70479416847229],"CCameraCFrame":[175.55471801757813,16.140045166015626,-219.10484313964845,0.7280334234237671,-0.6751266717910767,0.11904306709766388,7.450580596923828e-9,0.17