[{"ShiftLock":false,"VVelocity":[0,0.00005215828787186183,0],"AAnimation":{"Name":"Idle","Weight":0},"CCFrame":[120.01168823242188,-16.703624725341798,-220.66055297851563,-0.9814853668212891,0,-0.19153718650341035,0,1,0,0.19153718650341035,0,-0.9814853668212891],"CCameraCFrame":[119.15546417236328,8.936250686645508,-225.04806518554688,-0.9814854264259338,0.188335120677948,-0.03487632796168327,3.725290298461914e-9,0.18208655714988709,0.9832825660705566,0.19153712689876557,0.9650775194168091,-0.1787152737379074],"time":0},{"ShiftLock":true,"VVelocity":[5.149902820587158,0.00005207755384617485,0.05986425653100014],"AAnimation":{"Name":"Idle","Weight":0},"CCFrame":[120.04387664794922,-16.703624725341798,-220.66018676757813,0.9999324679374695,-2.001563892406466e-8,-0.011623562313616276,1.9905533221731276e-8,1,-9.588271510097002e-9,0.011623562313616276,9.356250885161899e-9,0.9999324679374695],"CCameraCFrame":[121.73028564453125,0.06228828430175781,-217.9486083984375,0.9999324679374695,0.01144697517156601,-0.0020184058230370285,0,0.17364779114723206,0.9848077893257141,0.011623562313616276,-0.9847412705421448,0.1736360639333725],"time":0.006644248962402344},{"ShiftLock":true,"VVelocity":[10.2998046875,0.00001526269807072822,0.11972851306200028],"AAnimation":{"Name":"Idle","Weight":0},"CCFrame":[120.11898040771485,-16.703624725341798,-220.6593017578125,0.9999324679374695,-4.002273001901813e-8,-0.011623562313616276,3.980256479962918e-8,1,-1.9172448517679187e-8,0.011623562313616276,1.8708504967435148e-8,0.9999324679374695],"CCameraCFrame":[121.7624740600586,0.06228828430175781,-217.9482421875,0.9999324679374695,0.01144697517156601,-0.0020184058230370285,0,0.17364779114723206,0.9848077893257141,0.011623562313616276,-0.9847412705421448,0.1736360639333725],"time":0.013145685195922852},{"ShiftLock":true,"VVelocity":[12.874755859375,0.000008238810551119969,0.1496606320142746],"AAnimation":{"Name":"Idle","Weight":0},"CCFrame":[120.17262268066406,-16.703624725341798,-220.65867614746095,0.9999324679374695,-5.002306835422132e-8,-0.011623562313616276,4.974789646894351e-8,1,-2.3963002249161037e-8,0.011623562313616276,2.3383135427934577e-8,0.9999324679374695],"CCameraCFrame":[121.83757781982422,0.06228828430175781,-217.94735717773438,0.9999324679374695,0.01144697517156601,-0.0020184058230370285,0,0.17364779114723206,0.9848077893257141,0.011623562313616276,-0.9847412705421448,0.1736360639333725],"time":0.019080400466918947},{"ShiftLock":true,"VVelocity":[14.82735824584961,-0.00020934021449647844,0.17235834896564485],"AAnimation":{"Name":"Idle","Weight":0},"CCFrame":[120.23440551757813,-16.703624725341798,-220.657958984375,0.9999324679374695,-6.002127150850356e-8,-0.011623562313616276,5.969110361547792e-8,1,-2.8752532799103393e-8,0.011623562313616276,2.8056767575890264e-8,0.9999324679374695],"CCameraCFrame":[121.89122009277344,0.06228828430175781,-217.9467315673828,0.9999324679374695,0.01144697517156601,-0.0020184058230370285,0,0.17364779114723206,0.9848077893257141,0.011623562313616276,-0.9847412705421448,0.1736360639333725],"time":0.024266958236694337},{"ShiftLock":true,"VVelocity":[15.834169387817383,-0.00015758951485622674,0.18406185507774354],"AAnimation":{"Name":"Idle","Weight":0},"CCFrame":[120.36521911621094,-16.70362663269043,-220.6564483642578,0.9999324679374695,-8.001128293244619e-8,-0.011623562313616276,7.957114434020696e-8,1,-3.832852968344014e-8,0.011623562313616276,3.7401040486884088e-8,0.9999324679374695],"CCameraCFrame":[121.9530029296875,0.06228828430175781,-217.94601440429688,0.9999324679374695,0.01144697517156601,-0.0020184058230370285,0,0.17364779114723206,0.9848077893257141,0.011623562313616276,-0.9847412705421448,0.1736360639333725],"time":0.030262231826782228},{"ShiftLock":true,"VVelocity":[15.975751876831055,-0.00031437561847269535,0.1857076734304428],"AAnimation":{"Name":"Idle","Weight":0},"CCFrame":[120.4981918334961,-16.703630447387697,-220.65489196777345,0.9999324679374695,-9.999275363270499e-8,-0.011623562313616276,9.944270118467102e-8,1,-4.7900435617975748e-8,0.011623562313616276,4.6741320147702939e-8,0.9999324679374695],"CCameraCFrame":[122.08381652832031,0.062286376953125,-217.9445037841797,0.9999324679374695,0.01144697517156601,-0.0020184058230370285,0,0.17364779114723206,0.9848077893257141,0.011623562313616276,-0.9847412705421448,0.1736360639333725],"time":0.037111759185791019},{"ShiftLock":true,"VVelocity":[15.990232467651368,-0.00033036101376637816,0.18587549030780793],"AAnimation":{"Name":"Idle","Weight":0},"CCFrame":[120.5648193359375,-16.703632354736329,-220.65411376953126,0.9999324679374695,-9.366603137550556e-8,-0.011623562313616276,9.315077420524176e-8,1,-4.4869686632864617e-8,0.011623562313616276,4.3783909831063286e-8,0.9999324679374695],"CCameraCFrame":[122.21678924560547,0.062282562255859378,-217.9429473876953,0.9999324679374695,0.01144697517156601,-0.0020184058230370285,0,0.17364779114723206,0.9848077893257141,0.011623562313616276,-0.9847412705421448,0.1736360639333725],"time":0.042803049087524417},{"ShiftLock":true,"VVelocity":[15.995661735534668,-0.0003363353607710451,0.18593892455101014],"AAnimation":{"Name":"Idle","Weight":0},"CCFrame":[120.6314697265625,-16.70363426208496,-220.65333557128907,0.9999324679374695,-8.73406520440767e-8,-0.011623562313616276,8.686019725701044e-8,1,-4.1839584241643027e-8,0.011623562313616276,4.082713189745846e-8,0.9999324679374695],"CCameraCFrame":[122.28341674804688,0.06228065490722656,-217.94216918945313,0.9999324679374695,0.01144697517156601,-0.0020184058230370285,0,0.17364779114723206,0.9848077893257141,0.011623562313616276,-0.9847412705421448,0.1736360639333725],"time":0.04887557029724121},{"ShiftLock":true,"VVelocity":[15.998461723327637,-0.00018342451949138194,0.18597163259983064],"AAnimation":{"Name":"Idle","Weight":0},"CCFrame":[120.76478576660156,-16.703636169433595,-220.6517791748047,0.9999324679374695,-7.469395768566756e-8,-0.011623562313616276,7.428307213785956e-8,1,-3.578131924086847e-8,0.011623562313616276,3.491546607392593e-8,0.9999324679374695],"CCameraCFrame":[122.35006713867188,0.06227874755859375,-217.94139099121095,0.9999324679374695,0.01144697517156601,-0.0020184058230370285,0,0.17364779114723206,0.9848077893257141,0.011623562313616276,-0.9847412705421448,0.1736360639333725],"time":0.05510735511779785},{"ShiftLock":true,"VVelocity":[15.998747825622559,-0.00028127452242188156,0.18597497045993806],"AAnimation":{"Name":"Idle","Weight":0},"CCFrame":[120.8314437866211,-16.703638076782228,-220.6510009765625,0.9999324679374695,-6.83726355532599e-8,-0.011623562313616276,6.799652396694e-8,1,-3.2753156631315508e-8,0.011623562313616276,3.19605817367119e-8,0.9999324679374695],"CCameraCFrame":[122.48338317871094,0.06227684020996094,-217.93983459472657,0.9999324679374695,0.01144697517156601,-0.0020184058230370285,0,0.17364779114723206,0.9848077893257141,0.011623562313616276,-0.9847412705421448,0.1736360639333725],"time":0.06075167655944824},{"ShiftLock":true,"VVelocity":[15.998895645141602,-0.00017220244626514614,0.18597669899463654],"AAnimation":{"Name":"Idle","Weight":0},"CCFrame":[120.96477508544922,-16.70363998413086,-220.64944458007813,0.9999324679374695,-5.5734037829324737e-8,-0.011623562313616276,5.542744929698529e-8,1,-2.6698769417521363e-8,0.011623562313616276,2.6052701329604134e-8,0.9999324679374695],"CCameraCFrame":[122.55004119873047,0.062274932861328128,-217.93905639648438,0.9999324679374695,0.01144697517156601,-0.0020184058230370285,0,0.17364779114723206,0.9848077893257141,0.011623562313616276,-0.9847412705421448,0.1736360639333725],"time":0.06712889671325684},{"ShiftLock":true,"VVelocity":[15.998910903930664,-0.00027707635308615863,0.18597687780857087],"AAnimation":{"Name":"Idle","Weight":0},"CCFrame":[121.03144073486328,-16.703641891479493,-220.64866638183595,0.9999324679374695,-4.941676579051091e-8,-0.011623562313616276,4.914492635066381e-8,1,-2.3672544813280184e-8,0.011623562313616276,2.309970703606723e-8,0.9999324679374695],"CCameraCFrame":[122.6833724975586,0.06227302551269531,-217.9375,0.9999324679374695,0.01144697517156601,-0.0020184058230370285,0,0.17364779114723206,0.9848077893257141,0.011623562313616276,-0.9847412705421448,0.1736360639333725],"time":0.07287216186523438},{"ShiftLock":true,"VVelocity":[15.998918533325196,-0.00017139510600827634,0.18597696721553803],"AAnimation":{"Name":"Idle","Weight":0},"CCFrame":[121.1647720336914,-16.703643798828126,-220.64710998535157,0.9999324679374695,-3.678626470104973e-8,-0.011623562313616276,3.6583905682618936e-8,1,-1.762203361010961e-8,0.011623562313616276,1.7195608492670546e-8,0.9999324679374695],"CCameraCFrame":[122.75003814697266,0.0622711181640625,-217.9367218017578,0.9999324679374695,0.01144697517156601,-0.0020184058230370285,0,0.17364779114723206,0.9848077893257141,0.011623562313616276,-0.9847412705421448,0.1736360639333725],"time":0.07903790473937988},{"ShiftLock":true,"VVelocity":[15.998919486999512,-0.00027667268295772374,0.18597698211669923],"AAnimation":{"Name":"Idle","Weight":0},"CCFrame":[121.23143768310547,-16.703645706176759,-220.64633178710938,0.9999324679374695,-3.047303565040238e-8,-0.011623562313616276,3.0305407960895539e-8,1,-1.4597747011180218e-8,0.011623562313616276,1.4244504242810763e-8,0.9999324679374695],"CCameraCFrame":[122.88336944580078,0.06226921081542969,-217.93516540527345,0.9999324679374695,0.01144697517156601,-0.0020184058230370285,0,0.17364779114723206,0.9848077893257141,0.011623562313616276,-0.9847412705421448,0.1736360639333725],"time":0.08579039573669434},{"ShiftLock":true,"VVelocity":[15.998919486999512,-0.0003162325010634959,0.18597698211669923],"AAnimation":{"Name":"Idle","Weight":0},"CCFrame":[121.29810333251953,-16.70364761352539,-220.6455535888672,0.9999324679374695,-2.4161158407309814e-8,-0.011623562313616276,2.4028247835872209e-8,1,-1.1574105229783527e-8,0.011623562313616276,1.1294029711450549e-8,0.9999324679374695],"CCameraCFrame":[122.95003509521485,0.062267303466796878,-217.93438720703126,0.9999324679374695,0.01144697517156601,-0.0020184058230370285,0,0.17364779114723206,0.9848077893257141,0.011623562313616276,-0.9847412705421448,0.1736360639333725],"time":0.09081745147705078},{"ShiftLock":true,"VVelocity":[15.998919486999512,-0.00017938781820703298,0.18597698211669923],"AAnimation":{"Name":"Idle","Weight":0},"CCFrame":[121.43143463134766,-16.703649520874025,-220.6439971923828,0.9999324679374695,-1.1541441580220635e-8,-0.011623562313616276,1.147795369860205e-8,1,-5.528758340034301e-9,0.011623562313616276,5.394969804228822e-9,0.9999324679374695],"CCameraCFrame":[123.0167007446289,0.06226539611816406,-217.93360900878907,0.9999324679374695,0.01144697517156601,-0.0020184058230370285,0,0.17364779114723206,0.9848077893257141,0.011623562313616276,-0.9847412705421448,0.1736360639333725],"time":0.09676122665405274},{"ShiftLock":true,"VVelocity":[15.998919486999512,-0.00031736280652694404,0.18597698211669923],"AAnimation":{"Name":"Idle","Weight":0},"CCFrame":[121.56476593017578,-16.70365333557129,-220.64244079589845,0.9999324679374695,1.0728841148832658e-9,-0.011623562313616276,-1.066981614172846e-9,1,5.140083914056959e-10,0.011623562313616276,-5.015715065503912e-10,0.9999324679374695],"CCameraCFrame":[123.15003204345703,0.06226348876953125,-217.9320526123047,0.9999324679374695,0.01144697517156601,-0.0020184058230370285,0,0.17364779114723206,0.9848077893257141,0.011623562313616276,-0.9847412705421448,0.1736360639333725],"time":0.10394763946533203},{"ShiftLock":true,"VVelocity":[15.998919486999512,-0.00033149131922982633,0.18597698211669923],"AAnimation":{"Name":"Idle","Weight":0},"CCFrame":[121.63143157958985,-16.703655242919923,-220.64166259765626,0.9999324679374695,7.3780266340861548e-9,-0.011623562313616276,-7.337439988930328e-9,1,3.534424530826641e-9,0.011623562313616276,-3.448898500124642e-9,0.9999324679374695],"CCameraCFrame":[123.28336334228516,0.062259674072265628,-217.9304962158203,0.9999324679374695,0.01144697517156601,-0.0020184058230370285,0,0.17364779114723206,0.9848077893257141,0.011623562313616276,-0.9847412705421448,0.1736360639333725],"time":0.10866713523864746},{"ShiftLock":true,"VVelocity":[15.998919486999512,-0.00018245574028696865,0.18597698211669923],"AAnimation":{"Name":"Idle","Weight":0},"CCFrame":[121.76476287841797,-16.703657150268556,-220.64010620117188,0.9999324679374695,1.998427379135137e-8,-0.011623562313616276,-1.9874340395631408e-8,1,9.573322579115029e-9,0.011623562313616276,-9.341665219153583e-9,0.9999324679374695],"CCameraCFrame":[123.35002899169922,0.06225776672363281,-217.92971801757813,0.9999324679374695,0.01144697517156601,-0.0020184058230370285,0,0.17364779114723206,0.9848077893257141,0.011623562313616276,-0.9847412705421448,0.1736360639333725],"time":0.11665987968444824},{"ShiftLock":true,"VVelocity":[15.998919486999512,-0.0002808708813972771,0.18597698211669923],"AAnimation":{"Name":"Idle","Weight":0},"CCFrame":[121.83142852783203,-16.703659057617189,-220.6393280029297,0.9999415874481201,2.6277744424874073e-8,-0.010807253420352936,-2.6143242237708365e-8,1,1.258668724801737e-8,0.010807253420352936,-1.230341517555189e-8,0.9999415874481201],"CCameraCFrame":[123.4855728149414,0.062255859375,-217.9295654296875,0.9999415874481201,0.010643068701028824,-0.0018766598077490926,-1.1641532182693482e-10,0.1736481636762619,0.9848077893257141,0.01080725435167551,-0.9847502708435059,0.17363803088665009],"time":0.1221003532409668},{"ShiftLock":true,"VVelocity":[15.999011039733887,-0.00031736280652694404,0.17781390249729157],"AAnimation":{"Name":"Idle","Weight":0},"CCFrame":[121.8980941772461,-16.70366096496582,-220.63858032226563,0.999950110912323,3.256744562918357e-8,-0.009990940801799298,-3.2413261408237307e-8,1,1.5594290303511117e-8,0.009990940801799298,-1.5269671749251758e-8,0.999950110912323],"CCameraCFrame":[123.55445098876953,0.062252044677734378,-217.93017578125,0.999950110912323,0.009839154779911042,-0.001734913676045835,0,0.1736486703157425,0.9848076701164246,0.009990940801799298,-0.9847585558891296,0.17363999783992768],"time":0.1280965805053711},{"ShiftLock":true,"VVelocity":[15.999175071716309,-0.0001790648966562003,0.16238053143024445],"AAnimation":{"Name":"Idle","Weight":0},"CCFrame":[122.03142547607422,-16.703662872314454,-220.63722229003907,0.999950110912323,4.516292406719913e-8,-0.009990941733121872,-4.494928518283814e-8,1,2.160756729097102e-8,0.009990941733121872,-2.1157402940730209e-8,0.999950110912323],"CCameraCFrame":[123.6211166381836,0.06225013732910156,-217.92942810058595,0.999950110912323,0.009839154779911042,-0.0017349134432151914,-1.1641532182693482e-10,0.1736486554145813,0.9848076701164246,0.009990940801799298,-0.9847585558891296,0.17363998293876649],"time":0.13333797454833985},{"ShiftLock":true,"VVelocity":[15.999191284179688,-0.0002786910627037287,0.16080211102962495],"AAnimation":{"Name":"Idle","Weight":0},"CCFrame":[122.09809112548828,-16.703664779663087,-220.6365509033203,0.9999579191207886,5.144135784007631e-8,-0.009174680337309838,-5.1217742935705249e-8,1,2.4608127091596544e-8,0.009174680337309838,-2.4137184695405268e-8,0.9999579191207886],"CCameraCFrame":[123.75665283203125,0.06225013732910156,-217.9294891357422,0.9999579191207886,0.00903529766947031,-0.0015931675443425775,-1.1641530794914701e-10,0.17364829778671266,0.9848077893257141,0.009174681268632412,-0.9847663640975952,0.17364098131656648],"time":0.1390383243560791},{"ShiftLock":true,"VVelocity":[15.999307632446289,-0.0001709914649836719,0.14876465499401093],"AAnimation":{"Name":"Idle","Weight":0},"CCFrame":[122.2314224243164,-16.70366668701172,-220.63528442382813,0.9999650716781616,6.400904339898261e-8,-0.008358408696949482,-6.375552885629077e-8,1,3.0597089306638739e-8,0.008358408696949482,-3.006312709885606e-8,0.9999650716781616],"CCameraCFrame":[123.82553100585938,0.06224822998046875,-217.9302215576172,0.9999651312828064,0.00823142658919096,-0.0014514215290546418,1.1641533570472263e-10,0.17364807426929475,0.9848077893257141,0.008358409628272057,-0.9847734570503235,0.17364199459552766],"time":0.14566326141357423},{"ShiftLock":true,"VVelocity":[15.999390602111817,-0.0002746543614193797,0.13937082886695863],"AAnimation":{"Name":"Idle","Weight":0},"CCFrame":[122.29808807373047,-16.70366859436035,-220.63470458984376,0.9999715685844421,7.027616533150649e-8,-0.007542132865637541,-7.00248534712955e-8,1,3.3585493497412247e-8,0.007542132865637541,-3.30564020600832e-8,0.9999715685844421],"CCameraCFrame":[123.96106719970703,0.06224632263183594,-217.9303741455078,0.9999716281890869,0.007427549920976162,-0.0013096753973513842,1.1641532182693482e-10,0.1736479252576828,0.9848077893257141,0.007542131468653679,-0.9847798347473145,0.17364297807216645],"time":0.15138483047485352},{"ShiftLock":true,"VVelocity":[15.999523162841797,-0.00032745461794547737,0.12330333143472672],"AAnimation":{"Name":"Idle","Weight":0},"CCFrame":[122.4314193725586,-16.703672409057618,-220.63365173339845,0.9999825358390808,8.280144214722896e-8,-0.005909559782594442,-8.256922257032784e-8,1,3.953991978278282e-8,0.005909559782594442,-3.9051279543400599e-8,0.9999825358390808],"CCameraCFrame":[124.03215026855469,0.062244415283203128,-217.9326171875,0.9999825358390808,0.0058197807520627979,-0.001026183133944869,-1.1641532182693482e-10,0.17364796996116639,0.9848077893257141,0.00590956024825573,-0.984790563583374,0.17364494502544404],"time":0.1586294174194336},{"ShiftLock":true,"VVelocity":[15.999646186828614,-0.0003318950184620917,0.10533434897661209],"AAnimation":{"Name":"Idle","Weight":0},"CCFrame":[122.49808502197266,-16.70367431640625,-220.63320922851563,0.9999940395355225,8.899310444121511e-8,-0.0034578724298626186,-8.884667579422967e-8,1,4.25007939952593e-8,0.0034578724298626186,-4.219332083721383e-8,0.9999940395355225],"CCameraCFrame":[124.17210388183594,0.0622406005859375,-217.93582153320313,0.9999940395355225,0.003405340015888214,-0.0006004524766467512,-5.820766091346741e-11,0.1736479550600052,0.9848077893257141,0.003457872662693262,-0.9848019480705261,0.17364691197872163],"time":0.16410541534423829},{"ShiftLock":true,"VVelocity":[15.999868392944336,-0.00009744252020027488,0.06235838308930397],"AAnimation":{"Name":"Idle","Weight":0},"CCFrame":[122.63141632080078,-16.70367431640625,-220.6326446533203,0.9999995231628418,1.014606780813665e-7,-0.0010061843786388636,-1.0141203432567636e-7,1,4.838986100708098e-8,0.0010061843786388636,-4.828779509580272e-8,0.9999995231628418],"CCameraCFrame":[124.24537658691406,0.06223869323730469,-217.9396514892578,0.9999995231628418,0.0009908978827297688,-0.0001747218193486333,-1.4551916963090329e-11,0.17364798486232758,0.9848077893257141,0.001006184029392898,-0.9848073124885559,0.1736478954553604],"time":0.16979336738586427},{"ShiftLock":true,"VVelocity":[15.999945640563965,-0.00024284505343530327,0.033446233719587329],"AAnimation":{"Name":"Idle","Weight":0},"CCFrame":[122.69808197021485,-16.703676223754884,-220.63250732421876,0.9999998211860657,1.0766532909656235e-7,0.0006263850373215973,-1.0769750247163756e-7,1,5.1323191030405727e-8,-0.0006263850373215973,-5.139064285231143e-8,0.9999998211860657],"CCameraCFrame":[124.38310241699219,0.06223869323730469,-217.94195556640626,0.9999998211860657,-0.00061686901608482,0.00010877048771362752,7.275957614183426e-12,0.173647940158844,0.9848077893257141,-0.0006263852119445801,-0.9848076105117798,0.1736478954553604],"time":0.17601776123046876},{"ShiftLock":true,"VVelocity":[15.999977111816407,-0.00029637193074449897,0.006278988439589739],"AAnimation":{"Name":"Idle","Weight":0},"CCFrame":[122.7647476196289,-16.703678131103517,-220.63247680664063,0.9999889135360718,9.805993528289037e-8,0.0047106449492275719,-9.828139724277207e-8,1,4.678149778669649e-8,-0.0047106449492275719,-4.7243947420838597e-8,0.9999889135360718],"CCameraCFrame":[124.46073913574219,0.062236785888671878,-217.94898986816407,0.9999889135360718,-0.004639080259948969,0.0008179933065548539,1.1641532182693482e-10,0.17364785075187684,0.9848077893257141,-0.004710645414888859,-0.9847968816757202,0.17364591360092164],"time":0.18262934684753419},{"ShiftLock":true,"VVelocity":[15.999844551086426,-0.0003205922257620841,-0.06388839334249497],"AAnimation":{"Name":"Idle","Weight":0},"CCFrame":[122.89807891845703,-16.70368194580078,-220.63291931152345,0.9999681711196899,7.912181843039434e-8,0.007978590205311776,-7.9425639398778e-8,1,3.7762593052548257e-8,-0.007978590205311776,-3.839509687963982e-8,0.9999681711196899],"CCameraCFrame":[124.53617095947266,0.06223297119140625,-217.95472717285157,0.9999682307243347,-0.007857377640902996,0.0013854699209332467,0,0.17364847660064698,0.9848076701164246,-0.00797859113663435,-0.9847763776779175,0.17364293336868287],"time":0.18791699409484864},{"ShiftLock":true,"VVelocity":[15.999540328979493,-0.00017397866758983582,-0.11868992447853089],"AAnimation":{"Name":"Idle","Weight":0},"CCFrame":[123.03141021728516,-16.703683853149415,-220.6338348388672,0.9999272227287293,6.018916565153632e-8,0.012062888592481614,-6.054128220966959e-8,1,2.88246013724347e-8,-0.012062888592481614,-2.9552806424248957e-8,0.9999272227287293],"CCameraCFrame":[124.680419921875,0.06223106384277344,-217.96243286132813,0.9999273419380188,-0.011879626661539078,0.0020946927834302189,0,0.17364773154258729,0.9848077893257141,-0.012062888592481614,-0.9847362637519836,0.1736350804567337],"time":0.19498968124389649},{"ShiftLock":true,"VVelocity":[15.999098777770996,-0.00026383597287349403,-0.16513758897781373],"AAnimation":{"Name":"Idle","Weight":0},"CCFrame":[123.09807586669922,-16.703685760498048,-220.634521484375,0.9998824596405029,5.0707686938267219e-8,0.015330873429775238,-5.108758216465503e-8,1,2.4387910357859256e-8,-0.015330873429775238,-2.5168260364694107e-8,0.9998824596405029],"CCameraCFrame":[124.82247161865235,0.062229156494140628,-217.9691925048828,0.9998825788497925,-0.0150979645550251,0.0026621695142239334,0,0.17364762723445893,0.9848077893257141,-0.015330874361097813,-0.9846921563148499,0.17362719774246217],"time":0.2002122402191162},{"ShiftLock":true,"VVelocity":[15.998486518859864,-0.0002955645613837987,-0.21523532271385194],"AAnimation":{"Name":"Idle","Weight":0},"CCFrame":[123.16473388671875,-16.70368766784668,-220.6354217529297,0.9998115301132202,4.1221891677878378e-8,0.019415080547332765,-4.1617859380949088e-8,1,1.9990814337234043e-8,-0.019415080547332765,-2.0795059896272506e-8,0.9998115301132202],"CCameraCFrame":[124.90000915527344,0.06222724914550781,-217.9772186279297,0.9998114705085754,-0.019120119512081147,0.0033713923767209055,-2.3283061589829402e-10,0.17364811897277833,0.9848077893257141,-0.019415076822042466,-0.9846221208572388,0.17361539602279664],"time":0.20575237274169923},{"ShiftLock":true,"VVelocity":[15.997196197509766,-0.00016534006863366812,-0.29722481966018679],"AAnimation":{"Name":"Idle","Weight":0},"CCFrame":[123.29804992675781,-16.703689575195314,-220.63780212402345,0.9997609257698059,2.2411715150383317e-8,0.021863942965865136,-2.266301102338275e-8,1,1.1245838926754459e-8,-0.021863942965865136,-1.173865271653085e-8,0.9997609257698059],"CCameraCFrame":[124.9731674194336,0.062225341796875,-217.9825439453125,0.9997610449790955,-0.021531781181693078,0.0037966312374919655,0,0.17364808917045594,0.9848077893257141,-0.021863942965865136,-0.9845724701881409,0.17360655963420869],"time":0.2126317024230957},{"ShiftLock":true,"VVelocity":[15.996557235717774,-0.00025479370378889143,-0.3300986886024475],"AAnimation":{"Name":"Idle","Weight":0},"CCFrame":[123.36470031738281,-16.703691482543947,-220.63917541503907,0.9995967149734497,1.2957972472804613e-8,0.028397053480148317,-1.3160263101497094e-8,1,6.936762275699948e-9,-0.028397053480148317,-7.307677574175386e-9,0.9995967149734497],"CCameraCFrame":[125.12378692626953,0.06222343444824219,-217.99679565429688,0.9995967745780945,-0.027965642511844636,0.004931092727929354,0,0.17364804446697236,0.9848077893257141,-0.028397057205438615,-0.9844107031822205,0.17357800900936128],"time":0.21858882904052735},{"ShiftLock":true,"VVelocity":[15.994675636291504,-0.00028450394165702164,-0.40775755047798159],"AAnimation":{"Name":"Idle","Weight":0},"CCFrame":[123.43134307861328,-16.703693389892579,-220.640869140625,0.999472439289093,3.553477734286048e-9,0.032478488981723788,-3.642033341577644e-9,1,2.667436715952931e-9,-0.032478488981723788,-2.784317221227184e-9,0.999472439289093],"CCameraCFrame":[125.20120239257813,0.062221527099609378,-218.00564575195313,0.999472439289093,-0.031985070556402209,0.005639823619276285,-4.656612873077393e-10,0.17364796996116639,0.9848077893257141,-0.032478488981723788,-0.984288215637207,0.1735563576221466],"time":0.22368264198303224},{"ShiftLock":true,"VVelocity":[15.991997718811036,-0.00008347545372089371,-0.5039201378822327],"AAnimation":{"Name":"Idle","Weight":0},"CCFrame":[123.56461334228516,-16.703693389892579,-220.64495849609376,0.999360978603363,-1.5198715175301915e-8,0.03574349358677864,1.5416102172594038e-8,1,-5.806260805485408e-9,-0.03574349358677864,6.353575887629859e-9,0.999360978603363],"CCameraCFrame":[125.27643585205078,0.06221771240234375,-218.01333618164063,0.9993610382080078,-0.03520046919584274,0.006206807214766741,4.656612873077393e-10,0.17364859580993653,0.9848076701164246,-0.03574349731206894,-0.9841784238815308,0.17353762686252595],"time":0.23046660423278809},{"ShiftLock":true,"VVelocity":[15.990609169006348,-0.00021587975788861513,-0.546405017375946],"AAnimation":{"Name":"Idle","Weight":0},"CCFrame":[123.63124084472656,-16.703693389892579,-220.64723205566407,0.9991060495376587,-2.4525400377228835e-8,0.04227375239133835,2.4969589063061904e-8,1,-9.979405746207704e-9,-0.04227375239133835,1.1026043189588109e-8,0.9991060495376587],"CCameraCFrame":[125.42684173583985,0.06221771240234375,-218.029541015625,0.9991061091423035,-0.04163151606917381,0.007340775802731514,-4.656612873077393e-10,0.17364853620529176,0.9848076701164246,-0.04227375239133835,-0.9839273691177368,0.17349331080913545],"time":0.23658418655395509},{"ShiftLock":true,"VVelocity":[15.9863862991333,-0.00027885253075510263,-0.6581023335456848],"AAnimation":{"Name":"Idle","Weight":0},"CCFrame":[123.76446533203125,-16.703697204589845,-220.652587890625,0.9988869428634644,-4.3202142308018668e-8,0.04716869816184044,4.411109344459874e-8,1,-1.822933093365009e-8,-0.04716869816184044,2.028970236267469e-8,0.9988869428634644],"CCameraCFrame":[125.50626373291016,0.06221961975097656,-218.04098510742188,0.9988869428634644,-0.046452105045318606,0.00819076132029295,9.313225746154786e-10,0.17364822328090669,0.9848077893257141,-0.04716870188713074,-0.9837116599082947,0.17345494031906129],"time":0.2425062656402588},{"ShiftLock":true,"VVelocity":[15.982781410217286,-0.0002836965722963214,-0.7411152720451355],"AAnimation":{"Name":"Idle","Weight":0},"CCFrame":[123.89765930175781,-16.70370101928711,-220.65866088867188,0.9986437559127808,-6.182524003861545e-8,0.05206359177827835,6.328460244731105e-8,1,-2.6381860251945e-8,-0.05206359177827835,2.9640904841699013e-8,0.9986437559127808],"CCameraCFrame":[125.65223693847656,0.06221580505371094,-218.05555725097657,0.9986438155174255,-0.051272641867399219,0.009040746837854386,9.313225746154786e-10,0.1736481487751007,0.9848077893257141,-0.052063602954149249,-0.9834722280502319,0.17341263592243195],"time":0.24912643432617188},{"ShiftLock":true,"VVelocity":[15.97998046875,-0.000281274551525712,-0.7985541820526123],"AAnimation":{"Name":"Idle","Weight":0},"CCFrame":[123.96424102783203,-16.703702926635743,-220.6619873046875,0.9983765482902527,-7.103771793026681e-8,0.05695841833949089,7.288814174444269e-8,1,-3.0409786688778698e-8,-0.05695841833949089,3.4512012803133987e-8,0.9983765482902527],"CCameraCFrame":[125.79814147949219,0.06221199035644531,-218.07090759277345,0.9983766078948975,-0.05609309673309326,0.009890731424093247,0,0.17364828288555146,0.9848077893257141,-0.05695842206478119,-0.9832090735435486,0.17336636781692506],"time":0.25441455841064455},{"ShiftLock":true,"VVelocity":[15.976258277893067,-0.00027739928918890655,-0.8690419793128967],"AAnimation":{"Name":"Idle","Weight":0},"CCFrame":[124.03080749511719,-16.703704833984376,-220.6656036376953,0.9980854392051697,-8.022426101206293e-8,0.061850327998399737,8.250924565800233e-8,1,-3.438975326730542e-8,-0.061850327998399737,3.942713533433562e-8,0.9980854392051697],"CCameraCFrame":[125.87738037109375,0.06220817565917969,-218.08358764648438,0.9980854392051697,-0.0609106719493866,0.010740222409367562,0,0.17364861071109773,0.9848076701164246,-0.061850324273109439,-0.9829221963882446,0.17331615090370179],"time":0.26006603240966799},{"ShiftLock":true,"VVelocity":[15.970335960388184,-0.00008137633267324418,-0.972650945186615],"AAnimation":{"Name":"Idle","Weight":0},"CCFrame":[124.16390228271485,-16.703704833984376,-220.67359924316407,0.9977704286575317,-9.873717488062539e-8,0.06673967093229294,1.0178404608041092e-7,1,-4.2252789711483277e-8,-0.06673967093229294,4.8951616093972919e-8,0.9977704286575317],"CCameraCFrame":[125.95655822753906,0.06220817565917969,-218.0966033935547,0.9977704882621765,-0.06572575867176056,0.011589223518967629,0,0.17364820837974549,0.9848077893257141,-0.06673967838287354,-0.982612133026123,0.17326103150844575],"time":0.2674129009246826},{"ShiftLock":true,"VVelocity":[15.966581344604493,-0.00019658422388602048,-1.0321413278579713],"AAnimation":{"Name":"Idle","Weight":0},"CCFrame":[124.23043060302735,-16.703704833984376,-220.6779022216797,0.9974313378334045,-9.197971451158083e-8,0.07162895053625107,9.504478271082917e-8,1,-3.938263404279496e-8,-0.07162895053625107,4.608943271477983e-8,0.9974313378334045],"CCameraCFrame":[126.10221862792969,0.06220817565917969,-218.11407470703126,0.9974313378334045,-0.07054074108600617,0.012438224628567696,-9.31322685637781e-10,0.17364801466464997,0.9848077893257141,-0.07162894308567047,-0.9822781682014465,0.17320197820663453],"time":0.27285099029541018},{"ShiftLock":true,"VVelocity":[15.959981918334961,-0.0002519679837860167,-1.1300427913665772],"AAnimation":{"Name":"Idle","Weight":0},"CCFrame":[124.36343383789063,-16.70370864868164,-220.6872100830078,0.9970684051513672,-7.872422003174506e-8,0.07651529461145401,8.154261621484693e-8,1,-3.3710250590957e-8,-0.07651529461145401,3.9850686306408537e-8,0.9970684051513672],"CCameraCFrame":[126.18126678466797,0.06220817565917969,-218.12791442871095,0.997068464756012,-0.07535286992788315,0.013286733068525792,9.313225746154786e-10,0.17364805936813355,0.9848077893257141,-0.0765153095126152,-0.9819207787513733,0.17313899099826814],"time":0.27906274795532229},{"ShiftLock":true,"VVelocity":[15.955677032470704,-0.000254632206633687,-1.1889190673828126],"AAnimation":{"Name":"Idle","Weight":0},"CCFrame":[124.42991638183594,-16.703710556030275,-220.69216918945313,0.9967474937438965,-7.204857155329592e-8,0.08058793842792511,7.478217156631217e-8,1,-3.090256228688304e-8,-0.08058793842792511,3.682859528453264e-8,0.9967474937438965],"CCameraCFrame":[126.32466888427735,0.06220245361328125,-218.1451873779297,0.9967475533485413,-0.0793636217713356,0.013993985950946808,0,0.1736486405134201,0.9848076701164246,-0.08058793842792511,-0.9816046357154846,0.1730838418006897],"time":0.28524303436279299},{"ShiftLock":true,"VVelocity":[15.949044227600098,-0.00007475612073903903,-1.2752758264541627],"AAnimation":{"Name":"Idle","Weight":0},"CCFrame":[124.56282806396485,-16.703710556030275,-220.70269775390626,0.996478796005249,-5.890762722060572e-8,0.08384484797716141,6.12473485261944e-8,1,-2.53331897681619e-8,-0.08384484797716141,3.037926177285044e-8,0.996478796005249],"CCameraCFrame":[126.39944458007813,0.06220245361328125,-218.15658569335938,0.9964789152145386,-0.08257105946540833,0.014559495262801648,0,0.17364807426929475,0.9848077893257141,-0.08384484797716141,-0.9813401699066162,0.1730366200208664],"time":0.29097652435302737},{"ShiftLock":true,"VVelocity":[15.9456787109375,-0.00018382820417173207,-1.3166768550872803],"AAnimation":{"Name":"Idle","Weight":0},"CCFrame":[124.62926483154297,-16.703710556030275,-220.70819091796876,0.9961994290351868,-5.230000965639192e-8,0.08710135519504547,5.447304829431232e-8,1,-2.257152509343996e-8,-0.08710135519504547,2.7230417032342303e-8,0.9961994290351868],"CCameraCFrame":[126.54063415527344,0.06220245361328125,-218.17355346679688,0.9961994886398315,-0.08577807992696762,0.015125003643333912,-9.313225746154786e-10,0.17364835739135743,0.9848077893257141,-0.08710134029388428,-0.981065034866333,0.1729883849620819],"time":0.29717135429382326},{"ShiftLock":true,"VVelocity":[15.941624641418457,-0.00022274215007200837,-1.3647671937942505],"AAnimation":{"Name":"Idle","Weight":0},"CCFrame":[124.69568634033203,-16.703710556030275,-220.71388244628907,0.9959096312522888,-4.570416578530967e-8,0.09035506844520569,4.7691216309431186e-8,1,-1.9832590680834984e-8,-0.09035506844520569,2.406061128112924e-8,0.9959096312522888],"CCameraCFrame":[126.61532592773438,0.06220054626464844,-218.18553161621095,0.9959096908569336,-0.08898236602544785,0.015690017491579057,-1.862645371275562e-9,0.17364844679832459,0.9848076701164246,-0.09035506844520569,-0.9807795286178589,0.17293815314769746],"time":0.30270886421203616},{"ShiftLock":true,"VVelocity":[15.935548782348633,-0.00024010002380236983,-1.434302568435669],"AAnimation":{"Name":"Idle","Weight":0},"CCFrame":[124.8284912109375,-16.70371437072754,-220.7257537841797,0.9956851601600647,-3.263600234504338e-8,0.09279562532901764,3.41185213414974e-8,1,-1.4389725855323832e-8,-0.09279562532901764,1.7493686499392426e-8,0.9956851601600647],"CCameraCFrame":[126.68791961669922,0.06220245361328125,-218.1960906982422,0.9956852197647095,-0.0913858562707901,0.016113778576254846,0,0.17364804446697236,0.9848077893257141,-0.09279562532901764,-0.9805585741996765,0.1728987842798233],"time":0.30895400047302248},{"ShiftLock":true,"VVelocity":[15.93160629272461,-0.00024050369393080473,-1.4776384830474854],"AAnimation":{"Name":"Idle","Weight":0},"CCFrame":[124.96125793457031,-16.703718185424806,-220.73800659179688,0.995532214641571,-1.9603870526907486e-8,0.09442254155874253,2.0542749723517774e-8,1,-8.971364984233788e-9,-0.09442254155874253,1.0870981448363182e-8,0.995532214641571],"CCameraCFrame":[126.82483673095703,0.062198638916015628,-218.2112274169922,0.9955322742462158,-0.09298805147409439,0.016396289691329004,0,0.17364807426929475,0.9848077893257141,-0.09442254155874253,-0.9804079532623291,0.17287223041057588],"time":0.3159217834472656},{"ShiftLock":true,"VVelocity":[15.92967414855957,-0.00023961561964824796,-1.4983397722244263],"AAnimation":{"Name":"Idle","Weight":0},"CCFrame":[125.02763366699219,-16.703720092773439,-220.74424743652345,0.9952977299690247,-1.307749375456524e-8,0.09686269611120224,1.375041946971578e-8,1,-6.279695430322363e-9,-0.09686269611120224,7.582069194711494e-9,0.9952977299690247],"CCameraCFrame":[126.96376037597656,0.06219482421875,-218.22837829589845,0.9952977895736694,-0.09539113193750382,0.01682005077600479,1.862645149230957e-9,0.173648402094841,0.9848077893257141,-0.09686268866062164,-0.9801770448684692,0.17283186316490174],"time":0.3224952220916748},{"ShiftLock":true,"VVelocity":[15.92967414855957,52.99999237060547,-1.4983397722244263],"AAnimation":{"Name":"Idle","Weight":0},"CCFrame":[125.09400939941406,-16.482887268066408,-220.75048828125,0.9952182769775391,-6.57301413298228e-9,0.097676120698452,6.957344922398079e-9,1,-3.594152309105425e-9,-0.097676120698452,4.256532459834261e-9,0.9952182769775391],"CCameraCFrame":[127.03218841552735,0.06219291687011719,-218.2362518310547,0.9952182769775391,-0.09619220346212387,0.01696130447089672,1.862645149230957e-9,0.1736484318971634,0.9848077893257141,-0.097676120698452,-0.9800987243652344,0.17281809449195863],"time":0.32770538330078127},{"ShiftLock":true,"VVelocity":[15.92967414855957,52.1824951171875,-1.4983397722244263],"AAnimation":{"Name":"Idle","Weight":0},"CCFrame":[125.22676086425781,-16.044628143310548,-220.76296997070313,0.9951381087303162,6.422857801169357e-9,0.09848947823047638,-6.628832593946754e-9,1,1.764111079438635e-9,-0.09848947823047638,-2.408404364828698e-9,0.9951381087303162],"CCameraCFrame":[127.10061645507813,0.2830238342285156,-218.244140625,0.9951381683349609,-0.09699321538209915,0.0171025563031435,1.862645371275562e-9,0.17364856600761414,0.9848076701164246,-0.09848950058221817,-0.9800196886062622,0.17280428111553193],"time":0.33339715003967287},{"ShiftLock":true,"VVelocity":[15.925008773803711,51.364994049072269,-1.5467723608016968],"AAnimation":{"Name":"Idle","Weight":0},"CCFrame":[125.2931137084961,-15.830607414245606,-220.7694091796875,0.9963403940200806,1.2929215031931563e-8,0.08547396957874298,-1.3372833507219184e-8,1,4.617533466699797e-9,-0.08547396957874298,-5.743664655000202e-9,0.9963403940200806],"CCameraCFrame":[127.23541259765625,0.7212848663330078,-218.25827026367188,0.9950572848320007,-0.09779471904039383,0.01724381186068058,-1.862645371275562e-9,0.17364785075187684,0.9848077893257141,-0.09930335730314255,-0.9799401760101318,0.17278952896595],"time":0.3394949436187744},{"ShiftLock":true,"VVelocity":[15.921491622924805,49.7299919128418,-1.58293616771698],"AAnimation":{"Name":"Idle","Weight":0},"CCFrame":[125.42579650878906,-15.412784576416016,-220.78256225585938,0.9986697435379028,2.59853294437562e-8,0.051563560962677,-2.6598238278552345e-8,1,1.1200268268396485e-8,-0.051563560962677,-1.2556868433932778e-8,0.9986697435379028],"CCameraCFrame":[127.30381774902344,0.9353055953979492,-218.26634216308595,0.9949756860733032,-0.09859559684991837,0.01738506555557251,0,0.1736481934785843,0.9848077893257141,-0.10011658817529679,-0.9798598289489746,0.1727757453918457],"time":0.34571170806884768},{"ShiftLock":true,"VVelocity":[15.920316696166993,48.91249084472656,-1.5947670936584473],"AAnimation":{"Name":"Idle","Weight":0},"CCFrame":[125.49213409423828,-15.208982467651368,-220.78919982910157,0.9974932670593262,3.202942266966602e-8,0.07076117396354675,-3.3159818002559408e-8,1,1.4800124681357829e-8,-0.07076117396354675,-1.7109453409602794e-8,0.9974932670593262],"CCameraCFrame":[127.4365005493164,1.353128433227539,-218.2794952392578,0.9949756860733032,-0.09859559684991837,0.01738506741821766,0,0.17364820837974549,0.9848077893257141,-0.10011658817529679,-0.9798598289489746,0.1727757602930069],"time":0.35128283500671389},{"ShiftLock":true,"VVelocity":[15.919710159301758,47.277488708496097,-1.600867509841919],"AAnimation":{"Name":"Idle","Weight":0},"CCFrame":[125.62479400634766,-14.811596870422364,-220.8025360107422,0.9993078708648682,4.512359197406113e-8,0.03719949349761009,-4.6008207021941419e-8,1,2.2924211862118683e-8,-0.03719949349761009,-2.4619827954097674e-8,0.9993078708648682],"CCameraCFrame":[127.50283813476563,1.5569305419921876,-218.2861328125,0.9949756860733032,-0.09859559684991837,0.01738506741821766,0,0.17364820837974549,0.9848077893257141,-0.10011658817529679,-0.9798598289489746,0.1727757602930069],"time":0.35900449752807619},{"ShiftLock":true,"VVelocity":[15.919648170471192,46.45998764038086,-1.6014914512634278],"AAnimation":{"Name":"Idle","Weight":0},"CCFrame":[125.69112396240235,-14.618013381958008,-220.8092041015625,0.9977070689201355,5.047563789162268e-8,0.06768034398555756,-5.243913747676743e-8,1,2.7234767330241995e-8,-0.06768034398555756,-3.072142007454204e-8,0.9977070689201355],"CCameraCFrame":[127.635498046875,1.9543161392211915,-218.29946899414063,0.9949756860733032,-0.09859559684991837,0.01738506741821766,0,0.17364820837974549,0.9848077893257141,-0.10011658817529679,-0.9798598289489746,0.1727757602930069],"time":0.3640933036804199},{"ShiftLock":true,"VVelocity":[15.91961669921875,44.82498550415039,-1.6018131971359254],"AAnimation":{"Name":"Idle","Weight":0},"CCFrame":[125.82378387451172,-14.241065979003907,-220.82254028320313,0.9994098544120789,6.373949901217202e-8,0.03435041382908821,-6.504009775198938e-8,1,3.674530191233316e-8,-0.03435041382908821,-3.895776856666089e-8,0.9994098544120789],"CCameraCFrame":[127.70182800292969,2.147899627685547,-218.30613708496095,0.9949756860733032,-0.09859559684991837,0.01738506741821766,0,0.17364820837974549,0.9848077893257141,-0.10011658817529679,-0.9798598289489746,0.1727757602930069],"time":