[{"ShiftLock":false,"VVelocity":[3.4424152772771779e-7,0.00005205355046200566,0.000001230349425895838],"AAnimation":{"Name":"Idle","Weight":0},"CCFrame":[171.93844604492188,-16.6937313079834,-217.3448486328125,-0.7796827554702759,-2.9161958181589399e-8,0.6261747479438782,-8.800162731859018e-8,1,-6.300381016899337e-8,-0.6261747479438782,-1.0422738228044182e-7,-0.7796827554702759],"CCameraCFrame":[180.5951385498047,7.203498840332031,-228.12374877929688,-0.7796828746795654,-0.5328423976898193,0.32889777421951296,0,0.5252492427825928,0.8509484529495239,-0.6261746883392334,0.6634699106216431,-0.40952780842781069],"time":0},{"ShiftLock":true,"VVelocity":[-3.2282326221466066,-0.03663306310772896,4.0129289627075199],"AAnimation":{"Name":"Idle","Weight":0},"CCFrame":[171.9182586669922,-16.693883895874025,-217.31976318359376,-0.7791714072227478,-2.294029854965629e-8,0.6268109083175659,-6.947259123535332e-8,1,-4.976103440412771e-8,-0.6268109083175659,-8.231855730400639e-8,-0.7791714072227478],"CCameraCFrame":[183.66339111328126,0.8293285369873047,-234.71173095703126,-0.7791714668273926,-0.38158464431762698,0.49727755784988406,0,0.7933454513549805,0.6087716221809387,-0.6268108487129211,0.47433748841285708,-0.6181521415710449],"time":0.009302616119384766},{"ShiftLock":true,"VVelocity":[-4.842349529266357,-0.011736694723367691,6.019392967224121],"AAnimation":{"Name":"Idle","Weight":0},"CCFrame":[171.89808654785157,-16.693933486938478,-217.294677734375,-0.7791714072227478,-1.987299746986082e-8,0.6268109083175659,-6.021102905151565e-8,1,-4.3141746175479059e-8,-0.6268109083175659,-7.135574264793832e-8,-0.7791714072227478],"CCameraCFrame":[183.64320373535157,0.8291778564453125,-234.6866455078125,-0.7791714668273926,-0.38158470392227175,0.49727755784988406,1.4901161193847657e-8,0.7933454513549805,0.6087716817855835,-0.6268108487129211,0.47433751821517947,-0.6181521415710449],"time":0.011652231216430664},{"ShiftLock":true,"VVelocity":[-8.070582389831543,0.010748220607638359,10.032320976257325],"AAnimation":{"Name":"Idle","Weight":0},"CCFrame":[171.83755493164063,-16.693878173828126,-217.2194366455078,-0.7791714072227478,-1.3740361737291096e-8,0.6268109083175659,-4.169384482111127e-8,1,-2.990740810560055e-8,-0.6268109083175659,-4.9437154814313547e-8,-0.7791714072227478],"CCameraCFrame":[183.62303161621095,0.8291282653808594,-234.66156005859376,-0.7791714668273926,-0.38158470392227175,0.49727755784988406,1.4901161193847657e-8,0.7933454513549805,0.6087716817855835,-0.6268108487129211,0.47433751821517947,-0.6181521415710449],"time":0.018314599990844728},{"ShiftLock":true,"VVelocity":[-9.294576644897461,0.014428898692131043,11.553834915161133],"AAnimation":{"Name":"Idle","Weight":0},"CCFrame":[171.798828125,-16.693817138671876,-217.17129516601563,-0.7791714072227478,-1.0675027084516842e-8,0.6268109083175659,-3.243821922183088e-8,1,-2.3292361817084385e-8,-0.6268109083175659,-3.8481370978615817e-8,-0.7791714072227478],"CCameraCFrame":[183.5625,0.8291835784912109,-234.58631896972657,-0.7791714668273926,-0.38158470392227175,0.49727755784988406,1.4901161193847657e-8,0.7933454513549805,0.6087716817855835,-0.6268108487129211,0.47433751821517947,-0.6181521415710449],"time":0.02428150177001953},{"ShiftLock":true,"VVelocity":[-9.75357437133789,0.01565961353480816,12.12440299987793],"AAnimation":{"Name":"Idle","Weight":0},"CCFrame":[171.75819396972657,-16.69375228881836,-217.1207733154297,-0.7791714072227478,-7.610347019237907e-9,0.6268109083175659,-2.3184572484069578e-8,1,-1.6678727732255539e-8,-0.6268109083175659,-2.7527931933946094e-8,-0.7791714072227478],"CCameraCFrame":[183.52377319335938,0.8292446136474609,-234.53817749023438,-0.7791714668273926,-0.38158470392227175,0.49727755784988406,1.4901161193847657e-8,0.7933454513549805,0.6087716817855835,-0.6268108487129211,0.47433751821517947,-0.6181521415710449],"time":0.029586315155029298},{"ShiftLock":true,"VVelocity":[-9.990245819091797,0.014627021737396717,12.418601989746094],"AAnimation":{"Name":"Idle","Weight":0},"CCFrame":[171.6752166748047,-16.693626403808595,-217.0176239013672,-0.7791714072227478,-1.4829524275228323e-9,0.6268109083175659,-4.683212484479782e-9,1,-3.4557037231763845e-9,-0.6268109083175659,-5.628074006835959e-9,-0.7791714072227478],"CCameraCFrame":[183.48313903808595,0.8293094635009766,-234.48765563964845,-0.7791714668273926,-0.38158470392227175,0.49727755784988406,1.4901161193847657e-8,0.7933454513549805,0.6087716817855835,-0.6268108487129211,0.47433751821517947,-0.6181521415710449],"time":0.036347389221191409},{"ShiftLock":true,"VVelocity":[-10.014451026916504,0.005475381389260292,12.448690414428711],"AAnimation":{"Name":"Idle","Weight":0},"CCFrame":[171.63348388671876,-16.693603515625,-216.96575927734376,-0.7791714072227478,1.5797628760694238e-9,0.6268109083175659,4.564502109616342e-9,1,3.153689087653788e-9,-0.6268109083175659,5.318343987426033e-9,-0.7791714072227478],"CCameraCFrame":[183.40016174316407,0.8294353485107422,-234.38450622558595,-0.7791714668273926,-0.38158470392227175,0.49727755784988406,1.4901161193847657e-8,0.7933454513549805,0.6087716817855835,-0.6268108487129211,0.47433751821517947,-0.6181521415710449],"time":0.041945695877075198},{"ShiftLock":true,"VVelocity":[-10.026930809020996,0.009153395891189576,12.464204788208008],"AAnimation":{"Name":"Idle","Weight":0},"CCFrame":[171.54994201660157,-16.693531036376954,-216.86190795898438,-0.7791714072227478,7.703230053834887e-9,0.6268109083175659,2.305400137458946e-8,1,1.636823654393993e-8,-0.6268109083175659,2.7204160701899128e-8,-0.7791714072227478],"CCameraCFrame":[183.35842895507813,0.8294582366943359,-234.3326416015625,-0.7791714668273926,-0.38158470392227175,0.49727755784988406,1.4901161193847657e-8,0.7933454513549805,0.6087716817855835,-0.6268108487129211,0.47433751821517947,-0.6181521415710449],"time":0.048046112060546878},{"ShiftLock":true,"VVelocity":[-10.028207778930664,0.0092258146032691,12.465791702270508],"AAnimation":{"Name":"Idle","Weight":0},"CCFrame":[171.50816345214845,-16.693492889404298,-216.80996704101563,-0.7791714072227478,1.0763981705963488e-8,0.6268109083175659,3.2295787377734089e-8,1,2.2973390301217479e-8,-0.6268109083175659,3.814356119846707e-8,-0.7791714072227478],"CCameraCFrame":[183.27488708496095,0.8295307159423828,-234.22879028320313,-0.7791714668273926,-0.38158470392227175,0.49727755784988406,1.4901161193847657e-8,0.7933454513549805,0.6087716817855835,-0.6268108487129211,0.47433751821517947,-0.6181521415710449],"time":0.0537409782409668},{"ShiftLock":true,"VVelocity":[-10.0286865234375,0.008788153529167176,12.466386795043946],"AAnimation":{"Name":"Idle","Weight":0},"CCFrame":[171.46636962890626,-16.693456649780275,-216.75802612304688,-0.7791714072227478,1.382408054695361e-8,0.6268109083175659,4.153559629571646e-8,1,2.9577133631164544e-8,-0.6268109083175659,4.908062223307752e-8,-0.7791714072227478],"CCameraCFrame":[183.2331085205078,0.8295688629150391,-234.17684936523438,-0.7791714668273926,-0.38158470392227175,0.49727755784988406,1.4901161193847657e-8,0.7933454513549805,0.6087716817855835,-0.6268108487129211,0.47433751821517947,-0.6181521415710449],"time":0.059549808502197269},{"ShiftLock":true,"VVelocity":[-10.02893352508545,0.007295133545994759,12.466692924499512],"AAnimation":{"Name":"Idle","Weight":0},"CCFrame":[171.38278198242188,-16.693391799926759,-216.65414428710938,-0.7791714072227478,1.9942314466447898e-8,0.6268109083175659,6.000929175797865e-8,1,4.278038545635354e-8,-0.6268109083175659,7.094773479821015e-8,-0.7791714072227478],"CCameraCFrame":[183.19131469726563,0.8296051025390625,-234.12490844726563,-0.7791714668273926,-0.38158470392227175,0.49727755784988406,1.4901161193847657e-8,0.7933454513549805,0.6087716817855835,-0.6268108487129211,0.47433751821517947,-0.6181521415710449],"time":0.06621527671813965},{"ShiftLock":true,"VVelocity":[-10.02896785736084,0.0057027293369174,12.466736793518067],"AAnimation":{"Name":"Idle","Weight":0},"CCFrame":[171.2991943359375,-16.693342208862306,-216.55026245117188,-0.7791714072227478,2.6057932700496168e-8,0.6268109083175659,7.847509664316022e-8,1,5.597799557222061e-8,-0.6268109083175659,9.280550017365386e-8,-0.7791714072227478],"CCameraCFrame":[183.10772705078126,0.8296699523925781,-234.02102661132813,-0.7791714668273926,-0.38158470392227175,0.49727755784988406,1.4901161193847657e-8,0.7933454513549805,0.6087716817855835,-0.6268108487129211,0.47433751821517947,-0.6181521415710449],"time":0.07289457321166992},{"ShiftLock":true,"VVelocity":[-10.028971672058106,0.0049963039346039299,12.466740608215332],"AAnimation":{"Name":"Idle","Weight":0},"CCFrame":[171.2574005126953,-16.693321228027345,-216.49832153320313,-0.7791714072227478,2.9114762156723374e-8,0.6268109083175659,8.770503967525656e-8,1,6.257468498915841e-8,-0.6268109083175659,1.0373087633297473e-7,-0.7791714072227478],"CCameraCFrame":[183.02413940429688,0.8297195434570313,-233.91714477539063,-0.7791714668273926,-0.38158470392227175,0.49727755784988406,1.4901161193847657e-8,0.7933454513549805,0.6087716817855835,-0.6268108487129211,0.47433751821517947,-0.6181521415710449],"time":0.07750844955444336},{"ShiftLock":true,"VVelocity":[-10.028972625732422,0.004351397976279259,12.466741561889649],"AAnimation":{"Name":"Idle","Weight":0},"CCFrame":[171.21560668945313,-16.693302154541017,-216.44638061523438,-0.7791714072227478,2.7359009280303327e-8,0.6268109083175659,8.242859905749356e-8,1,5.881678077912511e-8,-0.6268109083175659,9.749550144988462e-8,-0.7791714072227478],"CCameraCFrame":[182.9823455810547,0.8297405242919922,-233.86520385742188,-0.7791714668273926,-0.38158470392227175,0.49727755784988406,1.4901161193847657e-8,0.7933454513549805,0.6087716817855835,-0.6268108487129211,0.47433751821517947,-0.6181521415710449],"time":0.08361601829528809},{"ShiftLock":true,"VVelocity":[-10.028973579406739,0.0032545411959290506,12.466743469238282],"AAnimation":{"Name":"Idle","Weight":0},"CCFrame":[171.13201904296876,-16.693273544311525,-216.34249877929688,-0.7791714072227478,2.3848624408628895e-8,0.6268109083175659,7.187910711081713e-8,1,5.130338465164641e-8,-0.6268109083175659,8.5028737828452e-8,-0.7791714072227478],"CCameraCFrame":[182.9405517578125,0.8297595977783203,-233.81326293945313,-0.7791714668273926,-0.38158470392227175,0.49727755784988406,1.4901161193847657e-8,0.7933454513549805,0.6087716817855835,-0.6268108487129211,0.47433751821517947,-0.6181521415710449],"time":0.09063076972961426},{"ShiftLock":true,"VVelocity":[-10.028973579406739,0.0028118747286498548,12.466743469238282],"AAnimation":{"Name":"Idle","Weight":0},"CCFrame":[171.09022521972657,-16.693262100219728,-216.29055786132813,-0.7791714072227478,2.2093994189731349e-8,0.6268109083175659,6.660604867647635e-8,1,4.7547889181487338e-8,-0.6268109083175659,7.879735619553685e-8,-0.7791714072227478],"CCameraCFrame":[182.85696411132813,0.8297882080078125,-233.70938110351563,-0.7791714668273926,-0.38158470392227175,0.49727755784988406,1.4901161193847657e-8,0.7933454513549805,0.6087716817855835,-0.6268108487129211,0.47433751821517947,-0.6181521415710449],"time":0.09718012809753418},{"ShiftLock":true,"VVelocity":[-10.028973579406739,0.0021024621091783048,12.466743469238282],"AAnimation":{"Name":"Idle","Weight":0},"CCFrame":[171.0066375732422,-16.6932430267334,-216.18667602539063,-0.7791714072227478,1.8585859962172436e-8,0.6268109083175659,5.606331754393068e-8,1,4.003930698104341e-8,-0.6268109083175659,6.633858617988153e-8,-0.7791714072227478],"CCameraCFrame":[182.81517028808595,0.8297996520996094,-233.65744018554688,-0.7791714668273926,-0.38158470392227175,0.49727755784988406,1.4901161193847657e-8,0.7933454513549805,0.6087716817855835,-0.6268108487129211,0.47433751821517947,-0.6181521415710449],"time":0.10241079330444336},{"ShiftLock":true,"VVelocity":[-10.028973579406739,0.0018063285388052464,12.466743469238282],"AAnimation":{"Name":"Idle","Weight":0},"CCFrame":[170.96484375,-16.693235397338868,-216.13473510742188,-0.7791714072227478,1.683235595351107e-8,0.6268109083175659,5.0793644845725797e-8,1,3.628622025075856e-8,-0.6268109083175659,6.011119779714136e-8,-0.7791714072227478],"CCameraCFrame":[182.73158264160157,0.8298187255859375,-233.55355834960938,-0.7791714668273926,-0.38158470392227175,0.49727755784988406,1.4901161193847657e-8,0.7933454513549805,0.6087716817855835,-0.6268108487129211,0.47433751821517947,-0.6181521415710449],"time":0.10819506645202637},{"ShiftLock":true,"VVelocity":[-10.028973579406739,0.0013405722565948964,12.466743469238282],"AAnimation":{"Name":"Idle","Weight":0},"CCFrame":[170.88125610351563,-16.69322395324707,-216.03085327148438,-0.7791714072227478,1.3326471481889257e-8,0.6268109083175659,4.025767452731088e-8,1,2.878245553006309e-8,-0.6268109083175659,4.766041428183598e-8,-0.7791714072227478],"CCameraCFrame":[182.68978881835938,0.8298263549804688,-233.50161743164063,-0.7791714668273926,-0.38158470392227175,0.49727755784988406,1.4901161193847657e-8,0.7933454513549805,0.6087716817855835,-0.6268108487129211,0.47433751821517947,-0.6181521415710449],"time":0.11522436141967774},{"ShiftLock":true,"VVelocity":[-10.028973579406739,0.001155286910943687,12.466743469238282],"AAnimation":{"Name":"Idle","Weight":0},"CCFrame":[170.83946228027345,-16.693218231201173,-215.97891235351563,-0.7791714072227478,1.1574091018928812e-8,0.6268109083175659,3.499137690710086e-8,1,2.5031773986938789e-8,-0.6268109083175659,4.143701914927078e-8,-0.7791714072227478],"CCameraCFrame":[182.606201171875,0.8298377990722656,-233.39773559570313,-0.7791714668273926,-0.38158470392227175,0.49727755784988406,1.4901161193847657e-8,0.7933454513549805,0.6087716817855835,-0.6268108487129211,0.47433751821517947,-0.6181521415710449],"time":0.12147164344787598},{"ShiftLock":true,"VVelocity":[-10.028973579406739,0.0008426028653047979,12.466743469238282],"AAnimation":{"Name":"Idle","Weight":0},"CCFrame":[170.75587463378907,-16.69321060180664,-215.87503051757813,-0.7791714072227478,8.070453638708841e-9,0.6268109083175659,2.4462158521032508e-8,1,1.7532817864207574e-8,-0.6268109083175659,2.8994218581601673e-8,-0.7791714072227478],"CCameraCFrame":[182.5644073486328,0.8298435211181641,-233.34579467773438,-0.7791714668273926,-0.38158470392227175,0.49727755784988406,1.4901161193847657e-8,0.7933454513549805,0.6087716817855835,-0.6268108487129211,0.47433751821517947,-0.6181521415710449],"time":0.12678122520446778},{"ShiftLock":true,"VVelocity":[-10.028973579406739,0.0007186756702139974,12.466743469238282],"AAnimation":{"Name":"Idle","Weight":0},"CCFrame":[170.71408081054688,-16.693206787109376,-215.82308959960938,-0.7791714072227478,6.319195833270896e-9,0.6268109083175659,1.919923775517418e-8,1,1.3784542396422239e-8,-0.6268109083175659,2.2774813146497764e-8,-0.7791714072227478],"CCameraCFrame":[182.48081970214845,0.8298511505126953,-233.24191284179688,-0.7791714668273926,-0.38158470392227175,0.49727755784988406,1.4901161193847657e-8,0.7933454513549805,0.6087716817855835,-0.6268108487129211,0.47433751821517947,-0.6181521415710449],"time":0.13289475440979005},{"ShiftLock":true,"VVelocity":[-10.028973579406739,0.0006037907442077994,12.466743469238282],"AAnimation":{"Name":"Idle","Weight":0},"CCFrame":[170.6722869873047,-16.693204879760743,-215.77114868164063,-0.7791714072227478,4.568312395036855e-9,0.6268109083175659,1.3937441423195196e-8,1,1.0037068065571475e-8,-0.6268109083175659,1.6556736426309727e-8,-0.7791714072227478],"CCameraCFrame":[182.43902587890626,0.8298549652099609,-233.18997192382813,-0.7791714668273926,-0.38158470392227175,0.49727755784988406,1.4901161193847657e-8,0.7933454513549805,0.6087716817855835,-0.6268108487129211,0.47433751821517947,-0.6181521415710449],"time":0.13831710815429688},{"ShiftLock":true,"VVelocity":[-10.028973579406739,0.00044732759124599397,12.466743469238282],"AAnimation":{"Name":"Idle","Weight":0},"CCFrame":[170.5886993408203,-16.693201065063478,-215.66726684570313,-0.7791714072227478,1.0676677320020645e-9,0.6268109083175659,3.4172222829198519e-9,1,2.5445219264952358e-9,-0.6268109083175659,4.124570907038105e-9,-0.7791714072227478],"CCameraCFrame":[182.39723205566407,0.8298568725585938,-233.13803100585938,-0.7791714668273926,-0.38158470392227175,0.49727755784988406,1.4901161193847657e-8,0.7933454513549805,0.6087716817855835,-0.6268108487129211,0.47433751821517947,-0.6181521415710449],"time":0.1445755958557129},{"ShiftLock":true,"VVelocity":[-10.028973579406739,0.0003853236266877502,12.466743469238282],"AAnimation":{"Name":"Idle","Weight":0},"CCFrame":[170.54690551757813,-16.693199157714845,-215.61532592773438,-0.7791714072227478,-6.820934372875342e-10,0.6268109083175659,-1.8412008584434148e-9,1,-1.2005496596856347e-9,-0.6268109083175659,-2.089518780223898e-9,-0.7791714072227478],"CCameraCFrame":[182.3136444091797,0.8298606872558594,-233.03414916992188,-0.7791714668273926,-0.38158470392227175,0.49727755784988406,1.4901161193847657e-8,0.7933454513549805,0.6087716817855835,-0.6268108487129211,0.47433751821517947,-0.6181521415710449],"time":0.15063786506652833},{"ShiftLock":true,"VVelocity":[-10.028973579406739,0.00027294145547784865,12.466743469238282],"AAnimation":{"Name":"Idle","Weight":0},"CCFrame":[170.46331787109376,-16.693195343017579,-215.51144409179688,-0.7791714072227478,-4.180494173056104e-9,0.6268109083175659,-1.2354675504866464e-8,1,-8.688291863734321e-9,-0.6268109083175659,-1.451371378635713e-8,-0.7791714072227478],"CCameraCFrame":[182.2718505859375,0.8298625946044922,-232.98220825195313,-0.7791714668273926,-0.38158470392227175,0.49727755784988406,1.4901161193847657e-8,0.7933454513549805,0.6087716817855835,-0.6268108487129211,0.47433751821517947,-0.6181521415710449],"time":0.15691256523132325},{"ShiftLock":true,"VVelocity":[-10.028973579406739,0.0002193338586948812,12.466743469238282],"AAnimation":{"Name":"Idle","Weight":0},"CCFrame":[170.42152404785157,-16.693195343017579,-215.45950317382813,-0.7791714072227478,-5.929133628512773e-9,0.6268109083175659,-1.7609727009926247e-8,1,-1.2430962037512927e-8,-0.6268109083175659,-2.0723819105228359e-8,-0.7791714072227478],"CCameraCFrame":[182.18826293945313,0.8298664093017578,-232.87832641601563,-0.7791714668273926,-0.38158470392227175,0.49727755784988406,1.4901161193847657e-8,0.7933454513549805,0.6087716817855835,-0.6268108487129211,0.47433751821517947,-0.6181521415710449],"time":0.16327333450317384},{"ShiftLock":true,"VVelocity":[-10.028973579406739,0.00017460703384131193,12.466743469238282],"AAnimation":{"Name":"Idle","Weight":0},"CCFrame":[170.3379364013672,-16.693195343017579,-215.35562133789063,-0.7791714072227478,-9.425291658260449e-9,0.6268109083175659,-2.8116462047478309e-8,1,-1.991390341515853e-8,-0.6268109083175659,-3.314005070365056e-8,-0.7791714072227478],"CCameraCFrame":[182.14646911621095,0.8298664093017578,-232.82638549804688,-0.7791714668273926,-0.38158470392227175,0.49727755784988406,1.4901161193847657e-8,0.7933454513549805,0.6087716817855835,-0.6268108487129211,0.47433751821517947,-0.6181521415710449],"time":0.1693568229675293},{"ShiftLock":true,"VVelocity":[-10.028973579406739,0.00016604919801466167,12.466743469238282],"AAnimation":{"Name":"Idle","Weight":0},"CCFrame":[170.296142578125,-16.693195343017579,-215.30368041992188,-0.7791714072227478,-1.1172810232551456e-8,0.6268109083175659,-3.336814557997059e-8,1,-2.3654175507203946e-8,-0.6268109083175659,-3.934617609502311e-8,-0.7791714072227478],"CCameraCFrame":[182.06288146972657,0.8298664093017578,-232.72250366210938,-0.7791714668273926,-0.38158470392227175,0.49727755784988406,1.4901161193847657e-8,0.7933454513549805,0.6087716817855835,-0.6268108487129211,0.47433751821517947,-0.6181521415710449],"time":0.17583227157592774},{"ShiftLock":true,"VVelocity":[-10.028973579406739,0.00015894457465037704,12.466743469238282],"AAnimation":{"Name":"Idle","Weight":0},"CCFrame":[170.21255493164063,-16.693195343017579,-215.19979858398438,-0.7791714072227478,-1.4666728276324648e-8,0.6268109083175659,-4.3868144672387646e-8,1,-3.113231983320475e-8,-0.6268109083175659,-5.175444428573428e-8,-0.7791714072227478],"CCameraCFrame":[182.02108764648438,0.8298664093017578,-232.67056274414063,-0.7791714668273926,-0.38158470392227175,0.49727755784988406,1.4901161193847657e-8,0.7933454513549805,0.6087716817855835,-0.6268108487129211,0.47433751821517947,-0.6181521415710449],"time":0.1818981170654297},{"ShiftLock":true,"VVelocity":[-10.028973579406739,0.0001575720962136984,12.466743469238282],"AAnimation":{"Name":"Idle","Weight":0},"CCFrame":[170.17076110839845,-16.693195343017579,-215.14785766601563,-0.7791714072227478,-1.6413126857628414e-8,0.6268109083175659,-4.911646200866926e-8,1,-3.4870190290803296e-8,-0.6268109083175659,-5.7956590637786579e-8,-0.7791714072227478],"CCameraCFrame":[181.9375,0.8298664093017578,-232.56668090820313,-0.7791714668273926,-0.38158470392227175,0.49727755784988406,1.4901161193847657e-8,0.7933454513549805,0.6087716817855835,-0.6268108487129211,0.47433751821517947,-0.6181521415710449],"time":0.1868581771850586},{"ShiftLock":true,"VVelocity":[-10.028973579406739,0.00015644181985408068,12.466743469238282],"AAnimation":{"Name":"Idle","Weight":0},"CCFrame":[170.08717346191407,-16.693195343017579,-215.04397583007813,-0.7791714072227478,-1.990480491542712e-8,0.6268109083175659,-5.960973226137867e-8,1,-4.2343540229694557e-8,-0.6268109083175659,-7.035690430257091e-8,-0.7791714072227478],"CCameraCFrame":[181.8957061767578,0.8298664093017578,-232.51473999023438,-0.7791714668273926,-0.38158470392227175,0.49727755784988406,1.4901161193847657e-8,0.7933454513549805,0.6087716817855835,-0.6268108487129211,0.47433751821517947,-0.6181521415710449],"time":0.19445013999938966},{"ShiftLock":true,"VVelocity":[-10.028973579406739,0.00015619961777701974,12.466743469238282],"AAnimation":{"Name":"Idle","Weight":0},"CCFrame":[170.04537963867188,-16.693195343017579,-214.99203491210938,-0.7791714072227478,-2.1650084391922065e-8,0.6268109083175659,-6.485468162509278e-8,1,-4.607901615827359e-8,-0.6268109083175659,-7.655507516801663e-8,-0.7791714072227478],"CCameraCFrame":[181.81211853027345,0.8298664093017578,-232.41085815429688,-0.7791714668273926,-0.38158470392227175,0.49727755784988406,1.4901161193847657e-8,0.7933454513549805,0.6087716817855835,-0.6268108487129211,0.47433751821517947,-0.6181521415710449],"time":0.1996901035308838},{"ShiftLock":true,"VVelocity":[-10.028973579406739,0.00015611888375133276,12.466743469238282],"AAnimation":{"Name":"Idle","Weight":0},"CCFrame":[170.0035858154297,-16.693195343017579,-214.94009399414063,-0.7791711091995239,-2.3394953529987107e-8,0.6268112659454346,-7.009851543671175e-8,1,-4.9813692726274897e-8,-0.6268112659454346,-8.275193152940119e-8,-0.7791711091995239],"CCameraCFrame":[181.76417541503907,0.8426551818847656,-232.35125732421876,-0.7791711688041687,-0.38188955187797549,0.4970439672470093,0,0.7929724454879761,0.6092576384544373,-0.6268112659454346,0.4747159779071808,-0.6178612112998962],"time":0.20560550689697267},{"ShiftLock":true,"VVelocity":[-10.02897834777832,0.00015611888375133276,12.466739654541016],"AAnimation":{"Name":"Idle","Weight":0},"CCFrame":[169.9199981689453,-16.693195343017579,-214.83621215820313,-0.7791712880134583,-2.6883668624577696e-8,0.6268110871315002,-8.058281508738219e-8,1,-5.728065488597167e-8,-0.6268110871315002,-9.514164389656799e-8,-0.7791712880134583],"CCameraCFrame":[181.71005249023438,0.8682174682617188,-232.28399658203126,-0.779171347618103,-0.382498174905777,0.4965755343437195,1.4901162970204497e-8,0.7922252416610718,0.6102287769317627,-0.6268110871315002,0.4754727780818939,-0.6172791123390198],"time":0.21161961555480958},{"ShiftLock":true,"VVelocity":[-10.028977394104004,0.00015611888375133276,12.466740608215332],"AAnimation":{"Name":"Idle","Weight":0},"CCFrame":[169.87820434570313,-16.693195343017579,-214.78427124023438,-0.7791711091995239,-2.862743286868863e-8,0.6268112659454346,-8.582328803186101e-8,1,-6.101294047766715e-8,-0.6268112659454346,-1.0133452832405965e-7,-0.7791711091995239],"CCameraCFrame":[181.61412048339845,0.8937549591064453,-232.16476440429688,-0.7791712284088135,-0.38310641050338747,0.4961065948009491,2.9802322387695315e-8,0.7914769649505615,0.6111990809440613,-0.6268112063407898,0.4762287437915802,-0.6166960000991821],"time":0.2169182300567627},{"ShiftLock":true,"VVelocity":[-10.028979301452637,0.00015611888375133276,12.4667387008667],"AAnimation":{"Name":"Idle","Weight":0},"CCFrame":[169.79461669921876,-16.693195343017579,-214.68038940429688,-0.7791712880134583,-3.211391330637525e-8,0.6268110871315002,-9.630087305367852e-8,1,-6.847511713203858e-8,-0.6268110871315002,-1.1371629682344065e-7,-0.7791712880134583],"CCameraCFrame":[181.56614685058595,0.9065151214599609,-232.1051483154297,-0.7791712284088135,-0.3834102153778076,0.4958716928958893,-1.4901159417490817e-8,0.7911022901535034,0.6116838455200195,-0.6268110871315002,0.47660645842552187,-0.6164042353630066],"time":0.22490930557250977},{"ShiftLock":true,"VVelocity":[-10.028975486755371,0.00015611888375133276,12.466740608215332],"AAnimation":{"Name":"Idle","Weight":0},"CCFrame":[169.71102905273438,-16.693195343017579,-214.57650756835938,-0.7791712880134583,-3.075825105725016e-8,0.6268110871315002,-9.225216501818068e-8,1,-6.560507159747431e-8,-0.6268110871315002,-1.0894225965785154e-7,-0.7791712880134583],"CCameraCFrame":[181.47018432617188,0.9320144653320313,-231.9858856201172,-0.7791714072227478,-0.3840174376964569,0.495401531457901,1.4901161193847657e-8,0.7903523445129395,0.6126526594161987,-0.6268110275268555,0.47736144065856936,-0.6158198714256287],"time":0.23064422607421876},{"ShiftLock":true,"VVelocity":[-10.028976440429688,0.00015611888375133276,12.466741561889649],"AAnimation":{"Name":"Idle","Weight":0},"CCFrame":[169.6692352294922,-16.693195343017579,-214.52456665039063,-0.7791711091995239,-2.7660558288289395e-8,0.6268112659454346,-8.296832021414957e-8,1,-5.90065383221372e-8,-0.6268112659454346,-9.798166900054639e-8,-0.7791711091995239],"CCameraCFrame":[181.37420654296876,0.957489013671875,-231.86659240722657,-0.7791712284088135,-0.3846242129802704,0.49493077397346499,1.4901162970204497e-8,0.7896010875701904,0.6136205196380615,-0.6268112063407898,0.478115439414978,-0.615234375],"time":0.2353954315185547},{"ShiftLock":true,"VVelocity":[-10.02897834777832,0.00015611888375133276,12.466739654541016],"AAnimation":{"Name":"Idle","Weight":0},"CCFrame":[169.62744140625,-16.693195343017579,-214.47262573242188,-0.7796828746795654,-2.4643579621397295e-8,0.6261746287345886,-7.369185794914302e-8,1,-5.24018375358537e-8,-0.6261746287345886,-8.700078524270794e-8,-0.7796828746795654],"CCameraCFrame":[181.2996826171875,0.9956607818603516,-231.80099487304688,-0.7796828746795654,-0.3851417005062103,0.49372100830078127,0,0.7884718179702759,0.6150708198547363,-0.6261745691299439,0.4795601963996887,-0.6147580146789551],"time":0.24214863777160645},{"ShiftLock":true,"VVelocity":[-10.020225524902344,0.00015611888375133276,12.473774909973145],"AAnimation":{"Name":"Idle","Weight":0},"CCFrame":[169.54393005371095,-16.693195343017579,-214.36868286132813,-0.7796826958656311,-1.8451538963404347e-8,0.626174807548523,-5.514488066182821e-8,1,-3.919667079799183e-8,-0.626174807548523,-6.509129946152825e-8,-0.7796826958656311],"CCameraCFrame":[181.23924255371095,1.033773422241211,-231.725830078125,-0.7796827554702759,-0.3860485255718231,0.4930124878883362,-1.4901161193847657e-8,0.7873401641845703,0.6165188550949097,-0.6261747479438782,0.4806891083717346,-0.6138755083084106],"time":0.24767637252807618},{"ShiftLock":true,"VVelocity":[-10.019331932067871,0.00015611888375133276,12.474493026733399],"AAnimation":{"Name":"Idle","Weight":0},"CCFrame":[169.50218200683595,-16.693195343017579,-214.31671142578126,-0.7796823978424072,-1.5356494742491124e-8,0.6261751651763916,-4.587435853409261e-8,1,-3.2596208399127138e-8,-0.6261751651763916,-5.414007375748042e-8,-0.7796823978424072],"CCameraCFrame":[181.14328002929688,1.059152603149414,-231.6063690185547,-0.7796825170516968,-0.38665252923965456,0.4925394356250763,1.4901161193847657e-8,0.786584198474884,0.6174830794334412,-0.6261751055717468,0.4814407527446747,-0.6132858991622925],"time":0.2544398307800293},{"ShiftLock":true,"VVelocity":[-10.018876075744629,0.00015611888375133276,12.474859237670899],"AAnimation":{"Name":"Idle","Weight":0},"CCFrame":[169.41868591308595,-16.693195343017579,-214.2127685546875,-0.7796823978424072,-9.168451775565245e-9,0.6261751651763916,-2.7339265074033393e-8,1,-1.9399513107032363e-8,-0.6261751651763916,-3.224462830075936e-8,-0.7796823978424072],"CCameraCFrame":[181.0828094482422,1.0971717834472657,-231.5310821533203,-0.7796825170516968,-0.38755711913108828,0.491828054189682,-1.4901162970204497e-8,0.7854481935501099,0.6189275979995728,-0.6261752247810364,0.48256704211235049,-0.6124000549316406],"time":0.259976863861084},{"ShiftLock":true,"VVelocity":[-10.018830299377442,0.00015611888375133276,12.474896430969239],"AAnimation":{"Name":"Idle","Weight":0},"CCFrame":[169.37693786621095,-16.693195343017579,-214.16079711914063,-0.7796823978424072,-6.075422387397111e-9,0.6261751651763916,-1.80746901889961e-8,1,-1.2803280213802282e-8,-0.6261751651763916,-2.1300415653513484e-8,-0.7796823978424072],"CCameraCFrame":[180.98680114746095,1.1224937438964844,-231.41156005859376,-0.7796825170516968,-0.38815951347351076,0.49135276675224306,0,0.7846890687942505,0.6198896169662476,-0.6261752247810364,0.483317106962204,-0.6118082404136658],"time":0.26596903800964358},{"ShiftLock":true,"VVelocity":[-10.01881217956543,0.00015611888375133276,12.474909782409668],"AAnimation":{"Name":"Idle","Weight":0},"CCFrame":[169.33518981933595,-16.693195343017579,-214.10882568359376,-0.7796823978424072,-2.9830549141962594e-9,0.6261751651763916,-8.81209683001316e-9,1,-6.208456859724265e-9,-0.6261751651763916,-1.0358540691868257e-8,-0.7796823978424072],"CCameraCFrame":[180.93252563476563,1.1477851867675782,-231.343994140625,-0.7796825170516968,-0.38876110315322878,0.4908767342567444,-1.4901161193847657e-8,0.7839289903640747,0.6208505630493164,-0.6261749863624573,0.48406633734703066,-0.6112157106399536],"time":0.2713348865509033},{"ShiftLock":true,"VVelocity":[-10.018802642822266,0.00015611888375133276,12.474919319152832],"AAnimation":{"Name":"Idle","Weight":0},"CCFrame":[169.25169372558595,-16.693195343017579,-214.0048828125,-0.7796822190284729,3.19969517548202e-9,0.6261753439903259,9.707152415217024e-9,1,6.976957234172687e-9,-0.6261753439903259,1.1518189069192886e-8,-0.7796822190284729],"CCameraCFrame":[180.87823486328126,1.1730537414550782,-231.27639770507813,-0.7796823382377625,-0.3893623948097229,0.49040019512176516,0,0.7831677198410034,0.6218106150627136,-0.6261752247810364,0.48481476306915285,-0.6106220483779907],"time":0.27733922004699709},{"ShiftLock":true,"VVelocity":[-10.018803596496582,0.00015611888375133276,12.474918365478516],"AAnimation":{"Name":"Idle","Weight":0},"CCFrame":[169.16819763183595,-16.693195343017579,-213.90093994140626,-0.7796822190284729,9.37979560688973e-9,0.6261753439903259,2.8218478220765065e-8,1,2.0156734947818223e-8,-0.6261753439903259,3.3385564535137749e-8,-0.7796822190284729],"CCameraCFrame":[180.77587890625,1.2109127044677735,-231.1489715576172,-0.7796823978424072,-0.3902631103992462,0.48968371748924258,-1.4901162970204497e-8,0.7820234894752502,0.6232489943504334,-0.6261752843856812,0.4859362840652466,-0.6097298860549927],"time":0.28481602668762209},{"ShiftLock":true,"VVelocity":[-10.018803596496582,0.00015611888375133276,12.4749174118042],"AAnimation":{"Name":"Idle","Weight":0},"CCFrame":[169.12644958496095,-16.693195343017579,-213.84896850585938,-0.7796820998191834,1.2468844623469977e-8,0.626175582408905,3.747117105490361e-8,1,2.674450882977908e-8,-0.626175582408905,4.431574751606604e-8,-0.7796820998191834],"CCameraCFrame":[180.67349243164063,1.2487125396728516,-231.02149963378907,-0.7796822786331177,-0.3911624550819397,0.48896583914756777,0,0.780876874923706,0.6246851086616516,-0.6261754035949707,0.4870558977127075,-0.608835756778717],"time":0.29167699813842776},{"ShiftLock":true,"VVelocity":[-10.018805503845215,0.000048742222134023908,12.474916458129883],"AAnimation":{"Name":"Idle","Weight":0},"CCFrame":[169.08470153808595,-16.693195343017579,-213.7969970703125,-0.7796822190284729,1.555725148705278e-8,0.6261754035949707,4.67218868038799e-8,1,3.333087406076629e-8,-0.6261754035949707,5.5243585705966328e-8,-0.7796822190284729],"CCameraCFrame":[180.61279296875,1.2864570617675782,-230.94593811035157,-0.7796823978424072,-0.3920603394508362,0.4882459044456482,-1.4901162970204497e-8,0.7797272801399231,0.6261191964149475,-0.6261752247810364,0.48817411065101626,-0.607939600944519],"time":0.29606151580810549},{"ShiftLock":true,"VVelocity":[-10.018803596496582,-0.000006560795554833021,12.4749174118042],"AAnimation":{"Name":"Idle","Weight":0},"CCFrame":[169.00120544433595,-16.693195343017579,-213.69305419921876,-0.7791704535484314,2.1686934914555424e-8,0.6268120408058167,6.522813578158093e-8,1,4.6484270654900686e-8,-0.6268120408058167,7.710494998036666e-8,-0.7791704535484314],"CCameraCFrame":[180.57867431640626,1.2990283966064454,-230.876708984375,-0.7791703939437866,-0.39275848865509035,0.4885021150112152,0,0.7793437242507935,0.6265968084335327,-0.6268121600151062,0.48822566866874697,-0.6072415709495544],"time":0.30223560333251955},{"ShiftLock":true,"VVelocity":[-10.02756118774414,-0.000014392026059795171,12.467878341674805],"AAnimation":{"Name":"Idle","Weight":0},"CCFrame":[168.9176483154297,-16.693195343017579,-213.58914184570313,-0.7791704535484314,2.7859108797656519e-8,0.6268120408058167,8.372646220777824e-8,1,5.963203619785418e-8,-0.6268120408058167,9.894428387724474e-8,-0.7791704535484314],"CCameraCFrame":[180.48251342773438,1.324148178100586,-230.7570037841797,-0.7791703939437866,-0.39335671067237856,0.4880204498767853,-1.4901161193847657e-8,0.7785752415657044,0.6275511980056763,-0.6268121600151062,0.4889693260192871,-0.6066427826881409],"time":0.30867981910705569},{"ShiftLock":true,"VVelocity":[-10.028456687927246,-0.00001519936904514907,12.467158317565918],"AAnimation":{"Name":"Idle","Weight":0},"CCFrame":[168.87586975097657,-16.693195343017579,-213.53720092773438,-0.7791704535484314,3.094420719662594e-8,0.6268120408058167,9.297266245766878e-8,1,6.620381043376256e-8,-0.6268120408058167,1.0986044429728281e-7,-0.7791704535484314],"CCameraCFrame":[180.38626098632813,1.3492469787597657,-230.63731384277345,-0.7791705131530762,-0.39395439624786379,0.48753806948661806,0,0.7778058052062988,0.628504753112793,-0.6268121004104614,0.48971235752105715,-0.60604327917099],"time":0.3144822120666504},{"ShiftLock":true,"VVelocity":[-10.028792381286621,-0.8175151944160461,12.466888427734375],"AAnimation":{"Name":"Idle","Weight":0},"CCFrame":[168.83407592773438,-16.69660186767578,-213.48526000976563,-0.7791703343391419,2.898258522066044e-8,0.6268122792243958,8.706554410764511e-8,1,6.199034174869667e-8,-0.6268122792243958,1.0287478602322153e-7,-0.7791703343391419],"CCameraCFrame":[180.33175659179688,1.3743152618408204,-230.56956481933595,-0.7791703939437866,-0.39455151557922366,0.4870551526546478,-1.4901162970204497e-8,0.7770351767539978,0.6294572353363037,-0.6268122792243958,0.49045443534851076,-0.6054427027702332],"time":0.3206491470336914},{"ShiftLock":true,"VVelocity":[-10.02896785736084,-0.1149899959564209,12.466748237609864],"AAnimation":{"Name":"Idle","Weight":0},"CCFrame":[168.75048828125,-16.6983585357666,-213.38137817382813,-0.7791701555252075,2.5060623798367488e-8,0.6268124580383301,7.525509460037938e-8,1,5.356610088824709e-8,-0.6268124580383301,8.89079387889069e-8,-0.7791701555252075],"CCameraCFrame":[180.2708740234375,1.4084720611572266,-230.49386596679688,-0.7791701555252075,-0.395446240901947,0.4863293468952179,0,0.7758769989013672,0.6308843493461609,-0.6268125772476196,0.4915662705898285,-0.6045401096343994],"time":0.3262472152709961},{"ShiftLock":true,"VVelocity":[-10.028987884521485,-0.043140798807144168,12.466732025146485],"AAnimation":{"Name":"Idle","Weight":0},"CCFrame":[168.7086944580078,-16.698537826538087,-213.32943725585938,-0.7791698575019836,2.3100245272189569e-8,0.6268128156661987,6.935176344313732e-8,1,4.935533581829077e-8,-0.6268128156661987,8.192676403950827e-8,-0.7791698575019836],"CCameraCFrame":[180.17453002929688,1.431722640991211,-230.37411499023438,-0.7791699767112732,-0.39604198932647707,0.4858446419239044,1.4901164746561336e-8,0.7751033902168274,0.6318345069885254,-0.6268128752708435,0.4923064708709717,-0.6039371490478516],"time":0.33308863639831545},{"ShiftLock":true,"VVelocity":[-10.02900218963623,-0.006093589588999748,12.466720581054688],"AAnimation":{"Name":"Idle","Weight":0},"CCFrame":[168.62510681152345,-16.69862937927246,-213.22555541992188,-0.7786579132080078,1.911393887610302e-8,0.6274487376213074,5.754201382046631e-8,1,4.0946140700270919e-8,-0.6274487376213074,6.798769902616186e-8,-0.7786579132080078],"CCameraCFrame":[180.13380432128907,1.4565296173095704,-230.29696655273438,-0.7786577939987183,-0.3970394432544708,0.48585155606269839,-1.4901159417490817e-8,0.7743285894393921,0.6327837705612183,-0.6274488568305969,0.4927220046520233,-0.6029370427131653],"time":0.33852434158325198},{"ShiftLock":true,"VVelocity":[-10.035364151000977,-0.8235935568809509,12.46159839630127],"AAnimation":{"Name":"Idle","Weight":0},"CCFrame":[168.5832977294922,-16.70206069946289,-213.1736297607422,-0.7786580324172974,1.7154874853986258e-8,0.6274484992027283,5.163902727645109e-8,1,3.674288606703158e-8,-0.6274484992027283,6.101097937971645e-8,-0.7786580324172974],"CCameraCFrame":[180.0373992919922,1.4813957214355469,-230.17718505859376,-0.7786579132080078,-0.3976343274116516,0.4853645861148834,0,0.773552656173706,0.63373202085495,-0.6274486780166626,0.49346044659614565,-0.6023329496383667],"time":0.3457491397857666},{"ShiftLock":true,"VVelocity":[-10.037747383117676,-1.6410934925079346,12.459678649902344],"AAnimation":{"Name":"Idle","Weight":0},"CCFrame":[168.54147338867188,-16.708898544311525,-213.12171936035157,-0.7786580324172974,1.51962122885152e-8,0.6274484992027283,4.57373090512192e-8,1,3.254053382306665e-8,-0.6274484992027283,5.4035755425729806e-8,-0.7786580324172974],"CCameraCFrame":[179.97633361816407,1.5153541564941407,-230.1013641357422,-0.7786580324172974,-0.3985256552696228,0.4846329689025879,0,0.7723867893218994,0.6351525783538818,-0.6274486780166626,0.4945666491985321,-0.601425051689148],"time":0.35030150413513186},{"ShiftLock":true,"VVelocity":[-10.038976669311524,-0.9220020771026611,12.45868968963623],"AAnimation":{"Name":"Idle","Weight":0},"CCFrame":[168.45782470703126,-16.722984313964845,-213.0178985595703,-0.7786579132080078,1.128013327189592e-8,0.6274487376213074,3.3937649135395989e-8,1,2.4138522292105337e-8,-0.6274487376213074,4.008978393699181e-8,-0.7786579132080078],"CCameraCFrame":[179.92808532714845,1.5209674835205079,-230.04147338867188,-0.7786579132080078,-0.398822546005249,0.48438888788223269,0,0.7719975709915161,0.6356256604194641,-0.6274487972259522,0.49493494629859927,-0.6011219024658203],"time":0.3578035831451416},{"ShiftLock":true,"VVelocity":[-10.039104461669922,-0.3457799553871155,12.458587646484375],"AAnimation":{"Name":"Idle","Weight":0},"CCFrame":[168.41600036621095,-16.724424362182618,-212.9659881591797,-0.7786580324172974,9.322737248851354e-9,0.6274484992027283,2.8039709221161503e-8,1,1.9938859452395265e-8,-0.6274484992027283,3.311902574409942e-8,-0.7786580324172974],"CCameraCFrame":[179.83155822753907,1.5317668914794922,-229.9216766357422,-0.7786579132080078,-0.3994157314300537,0.48389968276023867,0,0.771217942237854,0.6365711688995361,-0.6274486780166626,0.49567118287086489,-0.6005150079727173],"time":0.36299848556518557},{"ShiftLock":true,"VVelocity":[-10.039168357849121,-0.048665739595890048,12.458535194396973],"AAnimation":{"Name":"Idle","Weight":0},"CCFrame":[168.3323516845703,-16.72516632080078,-212.86216735839845,-0.7786582112312317,5.409188652549801e-9,0.627448320388794,1.6247611256403617e-8,1,1.1542221400873132e-8,-0.627448320388794,1.9181982224836248e-8,-0.7786582112312317],"CCameraCFrame":[179.77684020996095,1.555185317993164,-229