[{"ShiftLock":false,"VVelocity":[9.957545898942044e-11,0.00005201231761020608,3.057607500522863e-10],"AAnimation":{"Name":"Idle","Weight":0},"CCFrame":[155.87550354003907,-16.6937313079834,-230.99244689941407,-0.7464430332183838,-1.0588373733355639e-8,0.665449321269989,-2.954627831286416e-8,1,-1.7230822990654816e-8,-0.665449321269989,-3.2523377768711728e-8,-0.7464430332183838],"CCameraCFrame":[170.95883178710938,-1.814864158630371,-247.91160583496095,-0.7464430332183838,-0.33825433254241946,0.5730680227279663,0,0.8611745238304138,0.5083096027374268,-0.6654494404792786,0.37942415475845339,-0.6428176164627075],"time":0},{"ShiftLock":true,"VVelocity":[-4.678336143493652,-0.048165518790483478,6.147731304168701],"AAnimation":{"Name":"Idle","Weight":0},"CCFrame":[155.83651733398438,-16.694311141967775,-230.9412078857422,-0.7962785959243774,-2.2139207800364603e-8,0.60493004322052,-5.353020426923649e-8,1,-3.386465863286503e-8,-0.60493004322052,-5.9347733838421848e-8,-0.7962785959243774],"CCameraCFrame":[169.1415252685547,-4.922351837158203,-251.3476104736328,-0.7962785959243774,-0.2360711693763733,0.556965708732605,-1.4901162970204497e-8,0.9207108616828919,0.39024534821510317,-0.6049301028251648,0.3107440173625946,-0.7331423163414002],"time":0.010234594345092774},{"ShiftLock":true,"VVelocity":[-6.234542369842529,-0.012070652097463608,8.199435234069825],"AAnimation":{"Name":"Idle","Weight":0},"CCFrame":[155.810546875,-16.694360733032228,-230.90704345703126,-0.7967724800109863,-2.5198241715429505e-8,0.6042794585227966,-6.151688580757764e-8,1,-3.941342185953545e-8,-0.6042794585227966,-6.857691658979093e-8,-0.7967724800109863],"CCameraCFrame":[169.01658630371095,-4.656339645385742,-251.21578979492188,-0.7967724204063416,-0.24193790555000306,0.5537326335906982,0,0.9163517951965332,0.4003741145133972,-0.6042795777320862,0.3190070390701294,-0.73012375831604],"time":0.013277292251586914},{"ShiftLock":true,"VVelocity":[-6.234542369842529,-0.012070652097463608,8.199435234069825],"AAnimation":{"Name":"Idle","Weight":0},"CCFrame":[155.810546875,-16.694360733032228,-230.90704345703126,-0.7967723608016968,-2.519822572821795e-8,0.604279637336731,-6.151688580757764e-8,1,-3.941342185953545e-8,-0.604279637336731,-6.857692369521829e-8,-0.7967723608016968],"CCameraCFrame":[168.9749755859375,-4.597321510314941,-251.16099548339845,-0.796772301197052,-0.24329406023025514,0.553138256072998,0,0.9153679609298706,0.40261828899383547,-0.6042796969413757,0.32079508900642397,-0.7293397784233093],"time":0.016615629196166993},{"ShiftLock":true,"VVelocity":[-8.962562561035157,0.018597494810819627,11.81323528289795],"AAnimation":{"Name":"Idle","Weight":0},"CCFrame":[155.7407684326172,-16.69424819946289,-230.81509399414063,-0.7967720627784729,-3.1217393114957306e-8,0.6042799949645996,-7.748514008198981e-8,1,-5.0507377835629089e-8,-0.6042799949645996,-8.706558674020926e-8,-0.7967720627784729],"CCameraCFrame":[168.9513397216797,-4.5088348388671879,-251.12982177734376,-0.7967721223831177,-0.24532566964626313,0.5522404313087463,1.4901161193847657e-8,0.9138818383216858,0.4059801995754242,-0.6042799353599548,0.3234736919403076,-0.7281555533409119],"time":0.023558616638183595},{"ShiftLock":true,"VVelocity":[-9.403759956359864,0.02330584079027176,12.397684097290039],"AAnimation":{"Name":"Idle","Weight":0},"CCFrame":[155.7015838623047,-16.694150924682618,-230.76344299316407,-0.7972655296325684,-3.4297155337981169e-8,0.6036287546157837,-8.546216889726566e-8,1,-5.6059096920080267e-8,-0.6036287546157837,-9.628141128814605e-8,-0.7972655296325684],"CCameraCFrame":[168.8252410888672,-4.361567497253418,-250.9960479736328,-0.7972656488418579,-0.24843615293502809,0.5501336455345154,-1.4901162970204497e-8,0.9113776683807373,0.41157111525535586,-0.6036286950111389,0.3281315267086029,-0.726610004901886],"time":0.029145479202270509},{"ShiftLock":true,"VVelocity":[-9.622298240661621,0.024075644090771676,12.705827713012696],"AAnimation":{"Name":"Idle","Weight":0},"CCFrame":[155.62164306640626,-16.693946838378908,-230.65789794921876,-0.7972655296325684,-3.452555219496389e-8,0.6036287546157837,-8.673281115534337e-8,1,-5.735897090630715e-8,-0.6036287546157837,-9.808474743522311e-8,-0.7972655296325684],"CCameraCFrame":[168.7457275390625,-4.214722633361816,-250.89112854003907,-0.7972655296325684,-0.25180166959762576,0.5486014485359192,1.4901161193847657e-8,0.9088391661643982,0.41714659333229067,-0.6036287546157837,0.33257660269737246,-0.7245861291885376],"time":0.036104679107666019},{"ShiftLock":true,"VVelocity":[-9.644649505615235,0.00901933666318655,12.737340927124024],"AAnimation":{"Name":"Idle","Weight":0},"CCFrame":[155.58145141601563,-16.69390869140625,-230.60482788085938,-0.7972655296325684,-3.174655560655992e-8,0.6036287546157837,-8.002955809160994e-8,1,-5.310922190915335e-8,-0.6036287546157837,-9.065029615840104e-8,-0.7972655296325684],"CCameraCFrame":[168.62490844726563,-4.068179130554199,-250.73159790039063,-0.7972656488418579,-0.2551577687263489,0.5470485091209412,0,0.9062666893005371,0.4227065145969391,-0.6036286354064941,0.33700937032699587,-0.722535252571106],"time":0.04152727127075195},{"ShiftLock":true,"VVelocity":[-9.656172752380371,0.015788104385137559,12.753591537475586],"AAnimation":{"Name":"Idle","Weight":0},"CCFrame":[155.50099182128907,-16.69378662109375,-230.49856567382813,-0.7977583408355713,-2.6264377339657586e-8,0.6029773354530335,-6.663430696107753e-8,1,-4.460149938267932e-8,-0.6029773354530335,-7.57601910095218e-8,-0.7977583408355713],"CCameraCFrame":[168.5352783203125,-3.951374053955078,-250.64541625976563,-0.7977584004402161,-0.2575574517250061,0.5452024340629578,-1.4901161193847657e-8,0.9041841626167297,0.4271429181098938,-0.6029772162437439,0.3407568633556366,-0.7213205099105835],"time":0.04742574691772461},{"ShiftLock":true,"VVelocity":[-9.650836944580079,0.016014322638511659,12.760180473327637],"AAnimation":{"Name":"Idle","Weight":0},"CCFrame":[155.46078491210938,-16.6937198638916,-230.44540405273438,-0.7977583408355713,-2.3487162437163535e-8,0.6029773354530335,-5.993882723487332e-8,1,-4.034900058513813e-8,-0.6029773354530335,-6.833050036902932e-8,-0.7977583408355713],"CCameraCFrame":[168.42141723632813,-3.8347511291503908,-250.49496459960938,-0.7977585196495056,-0.26022636890411379,0.5439335703849793,1.4901162970204497e-8,0.9020799398422241,0.4315691590309143,-0.6029772162437439,0.3442879617214203,-0.7196418046951294],"time":0.0529940128326416},{"ShiftLock":true,"VVelocity":[-9.648085594177246,0.0141300642862916,12.763578414916993],"AAnimation":{"Name":"Idle","Weight":0},"CCFrame":[155.38037109375,-16.6935977935791,-230.33905029296876,-0.7977583408355713,-1.793451076537167e-8,0.6029773354530335,-4.6552152355161527e-8,1,-3.184672792144738e-8,-0.6029773354530335,-5.347588682980131e-8,-0.7977583408355713],"CCameraCFrame":[168.35594177246095,-3.7474889755249025,-250.4083709716797,-0.7977585196495056,-0.2622239589691162,0.5429733991622925,0,0.9004875421524048,0.4348820149898529,-0.6029772162437439,0.3469308316707611,-0.7183714509010315],"time":0.05945849418640137},{"ShiftLock":true,"VVelocity":[-9.647804260253907,0.005289735272526741,12.763925552368164],"AAnimation":{"Name":"Idle","Weight":0},"CCFrame":[155.34017944335938,-16.693574905395509,-230.28587341308595,-0.7977584600448608,-1.5159088206928574e-8,0.6029771566390991,-3.9860964307081306e-8,1,-2.759695405529783e-8,-0.6029771566390991,-4.6050953272924747e-8,-0.7977584600448608],"CCameraCFrame":[168.25006103515626,-3.6603260040283205,-250.26832580566407,-0.7977584600448608,-0.26421794295310976,0.5420058369636536,0,0.8988828659057617,0.43818899989128115,-0.6029771566390991,0.3495689928531647,-0.71709144115448],"time":0.06552600860595703},{"ShiftLock":true,"VVelocity":[-9.647658348083496,0.008571424521505833,12.764105796813965],"AAnimation":{"Name":"Idle","Weight":0},"CCFrame":[155.25979614257813,-16.693506240844728,-230.1795196533203,-0.797758162021637,-9.609977702496053e-9,0.6029775142669678,-2.6482872783617496e-8,1,-1.9100133030747203e-8,-0.6029775142669678,-3.1205864559069599e-8,-0.797758162021637],"CCameraCFrame":[168.18850708007813,-3.587888717651367,-250.18687438964845,-0.7977582812309265,-0.26587700843811037,0.5411942005157471,0,0.8975365161895752,0.4409402906894684,-0.6029773354530335,0.3517637550830841,-0.7160171866416931],"time":0.07152223587036133},{"ShiftLock":true,"VVelocity":[-9.647645950317383,0.00860056933015585,12.76412296295166],"AAnimation":{"Name":"Idle","Weight":0},"CCFrame":[155.2196044921875,-16.693470001220704,-230.1263427734375,-0.7982507348060608,-6.861825330162219e-9,0.6023253202438355,-1.9799449191282293e-8,1,-1.4847622686886553e-8,-0.6023253202438355,-2.3777834812221955e-8,-0.7982507348060608],"CCameraCFrame":[168.07467651367188,-3.5299673080444338,-250.06826782226563,-0.7982507944107056,-0.26691341400146487,0.5399564504623413,1.4901161193847657e-8,0.8964532613754273,0.4431383013725281,-0.6023253202438355,0.3537355065345764,-0.715594470500946],"time":0.07853579521179199},{"ShiftLock":true,"VVelocity":[-9.638671875,0.007497414946556091,12.770901679992676],"AAnimation":{"Name":"Idle","Weight":0},"CCFrame":[155.13926696777345,-16.693405151367189,-230.01992797851563,-0.7982507348060608,-1.316295628051023e-9,0.6023253202438355,-6.436883470684052e-9,1,-6.345327374646104e-9,-0.6023253202438355,-8.942260265598634e-9,-0.7982507348060608],"CCameraCFrame":[168.0128936767578,-3.4577102661132814,-249.98646545410157,-0.7982508540153503,-0.2685661017894745,0.5391362905502319,0,0.8950917720794678,0.44588223099708559,-0.6023252010345459,0.35592585802078249,-0.7145076990127564],"time":0.08420968055725098},{"ShiftLock":true,"VVelocity":[-9.637754440307618,0.006755143404006958,12.77159595489502],"AAnimation":{"Name":"Idle","Weight":0},"CCFrame":[155.09910583496095,-16.693376541137697,-229.9667205810547,-0.7982508540153503,1.4555785465830696e-9,0.6023251414299011,2.422558542658493e-10,1,-2.0955419621770945e-9,-0.6023251414299011,-1.5268513120503258e-9,-0.7982508540153503],"CCameraCFrame":[167.91519165039063,-3.399949073791504,-249.85704040527345,-0.7982509136199951,-0.26988643407821658,0.5384764671325684,-1.4901161193847657e-8,0.8939963579177856,0.4480743110179901,-0.6023251414299011,0.3576757311820984,-0.7136333584785461],"time":0.08957576751708985},{"ShiftLock":true,"VVelocity":[-9.637409210205079,0.005995513871312141,12.771857261657715],"AAnimation":{"Name":"Idle","Weight":0},"CCFrame":[155.05894470214845,-16.69335174560547,-229.9134979248047,-0.7982507348060608,4.226862859724179e-9,0.6023253202438355,6.919969042229468e-9,1,2.153334177634747e-9,-0.6023253202438355,5.886973131197237e-9,-0.7982507348060608],"CCameraCFrame":[167.86631774902345,-3.371098518371582,-249.7922821044922,-0.7982507944107056,-0.270546019077301,0.5381454229354858,0,0.8934465646743774,0.4491693675518036,-0.6023252010345459,0.3585498034954071,-0.7131944894790649],"time":0.09634280204772949},{"ShiftLock":true,"VVelocity":[-9.637231826782227,0.004597275517880917,12.771990776062012],"AAnimation":{"Name":"Idle","Weight":0},"CCFrame":[154.97862243652345,-16.693309783935548,-229.8070526123047,-0.7982507348060608,9.767654240988577e-9,0.6023253202438355,2.0271114564707206e-8,1,1.0648363080179024e-8,-0.6023253202438355,2.0709869374968549e-8,-0.7982507348060608],"CCameraCFrame":[167.79989624023438,-3.2847213745117189,-249.70425415039063,-0.7982507944107056,-0.2725221812725067,0.5371474623680115,1.4901161193847657e-8,0.8917896747589111,0.4524501860141754,-0.6023252606391907,0.3611687123775482,-0.7118718028068543],"time":0.10132098197937012},{"ShiftLock":true,"VVelocity":[-9.637213706970215,0.003992171958088875,12.772003173828125],"AAnimation":{"Name":"Idle","Weight":0},"CCFrame":[154.93846130371095,-16.69329261779785,-229.7538299560547,-0.7982506155967712,1.2537156202085953e-8,0.6023254990577698,2.694454792617762e-8,1,1.489451495473304e-8,-0.6023254990577698,2.811894361798295e-8,-0.7982506155967712],"CCameraCFrame":[167.7107696533203,-3.2559280395507814,-249.5861358642578,-0.798250675201416,-0.27318018674850466,0.5368131995201111,0,0.8912346363067627,0.453542560338974,-0.6023253798484802,0.3620406687259674,-0.7114286422729492],"time":0.10798215866088867},{"ShiftLock":true,"VVelocity":[-9.63720703125,0.002965392777696252,12.77200984954834],"AAnimation":{"Name":"Idle","Weight":0},"CCFrame":[154.85813903808595,-16.693265914916993,-229.6473846435547,-0.7982506155967712,1.807439531376076e-8,0.6023254990577698,4.0287140734562857e-8,1,2.338409821334153e-8,-0.6023254990577698,4.29323421258232e-8,-0.7982506155967712],"CCameraCFrame":[167.64852905273438,-3.1841182708740236,-249.50364685058595,-0.7982505559921265,-0.2748231887817383,0.5359740853309631,1.4901159417490817e-8,0.8898412585258484,0.4562702178955078,-0.6023254990577698,0.36421796679496767,-0.7103163599967957],"time":0.11407303810119629},{"ShiftLock":true,"VVelocity":[-9.637207984924317,0.002559944987297058,12.77200984954834],"AAnimation":{"Name":"Idle","Weight":0},"CCFrame":[154.81797790527345,-16.693254470825197,-229.5941619873047,-0.7982506155967712,2.0842128023446095e-8,0.6023254990577698,4.695629840512083e-8,1,2.7627530485574426e-8,-0.6023254990577698,5.033666994336272e-8,-0.7982506155967712],"CCameraCFrame":[167.55043029785157,-3.1267318725585939,-249.3736572265625,-0.7982505559921265,-0.27613580226898196,0.5352990031242371,0,0.8887205123901367,0.45844948291778567,-0.6023254990577698,0.3659575581550598,-0.709421694278717],"time":0.11974215507507324},{"ShiftLock":true,"VVelocity":[-9.63720703125,0.0018815342336893082,12.77200984954834],"AAnimation":{"Name":"Idle","Weight":0},"CCFrame":[154.73765563964845,-16.6932373046875,-229.4877166748047,-0.7982507348060608,2.6375829520475237e-8,0.6023253202438355,6.02903398316812e-8,1,3.611167898043277e-8,-0.6023253202438355,6.514057560025322e-8,-0.7982507348060608],"CCameraCFrame":[167.49241638183595,-3.069438934326172,-249.29678344726563,-0.798250675201416,-0.27744659781455996,0.5346205830574036,-1.4901161193847657e-8,0.8875944018363953,0.4606258273124695,-0.6023253202438355,0.3676948845386505,-0.7085228562355042],"time":0.12653827667236329},{"ShiftLock":true,"VVelocity":[-9.637206077575684,0.001615191693417728,12.772010803222657],"AAnimation":{"Name":"Idle","Weight":0},"CCFrame":[154.69749450683595,-16.69322967529297,-229.4344940185547,-0.7982507348060608,2.9141787649678009e-8,0.6023253202438355,6.695522358768358e-8,1,4.035239697941506e-8,-0.6023253202438355,7.254015343960418e-8,-0.7982507348060608],"CCameraCFrame":[167.38516235351563,-2.9836368560791017,-249.15463256835938,-0.7982507944107056,-0.2794097065925598,0.5335971713066101,1.4901161193847657e-8,0.8858953714370728,0.463885098695755,-0.6023252606391907,0.3702966570854187,-0.7071666717529297],"time":0.13287091255187989},{"ShiftLock":true,"VVelocity":[-9.63720417022705,0.0013755721738561988,12.772010803222657],"AAnimation":{"Name":"Idle","Weight":0},"CCFrame":[154.65733337402345,-16.69322395324707,-229.3812713623047,-0.7982507348060608,3.190715247569642e-8,0.6023253202438355,7.361868625821444e-8,1,4.459220548369558e-8,-0.6023253202438355,7.993815387408176e-8,-0.7982507348060608],"CCameraCFrame":[167.32240295410157,-2.9122629165649416,-249.0714569091797,-0.798250675201416,-0.2810429036617279,0.5327388644218445,1.4901161193847657e-8,0.8844702243804932,0.4665965437889099,-0.6023253202438355,0.3724610209465027,-0.7060289978981018],"time":0.1379544734954834},{"ShiftLock":true,"VVelocity":[-9.637206077575684,0.000993618043139577,12.772010803222657],"AAnimation":{"Name":"Idle","Weight":0},"CCFrame":[154.57701110839845,-16.693214416503908,-229.2748260498047,-0.7982504367828369,3.7436077349184418e-8,0.6023256778717041,8.694133413200689e-8,1,5.3069097560864978e-8,-0.6023256778717041,9.472942963384412e-8,-0.7982504367828369],"CCameraCFrame":[167.2686309814453,-2.869492530822754,-249.00018310546876,-0.7982504963874817,-0.282021701335907,0.5322216749191284,-1.4901161193847657e-8,0.8836112022399902,0.4682213068008423,-0.6023256182670593,0.37375789880752566,-0.7053431272506714],"time":0.14404010772705079},{"ShiftLock":true,"VVelocity":[-9.63720989227295,0.0007216240628622472,12.772007942199707],"AAnimation":{"Name":"Idle","Weight":0},"CCFrame":[154.49668884277345,-16.693206787109376,-229.1683807373047,-0.7982505559921265,4.296269651149487e-8,0.6023254990577698,1.002582905584859e-7,1,6.154237297550935e-8,-0.6023254990577698,1.0951436024697614e-7,-0.7982505559921265],"CCameraCFrame":[167.1746368408203,-2.82675838470459,-248.87564086914063,-0.7982505559921265,-0.2829993665218353,0.5317023396492004,1.4901159417490817e-8,0.8827491998672485,0.4698445796966553,-0.6023254990577698,0.3750537037849426,-0.704655110836029],"time":0.15161967277526856},{"ShiftLock":true,"VVelocity":[-9.637207984924317,0.0006054473342373967,12.77200698852539],"AAnimation":{"Name":"Idle","Weight":0},"CCFrame":[154.45652770996095,-16.693204879760743,-229.1151580810547,-0.7982504367828369,3.935267400834164e-8,0.6023256778717041,9.195639449899318e-8,1,5.6533465908614747e-8,-0.6023256778717041,1.0051556387224992e-7,-0.7982504367828369],"CCameraCFrame":[167.07144165039063,-2.755642890930176,-248.73887634277345,-0.7982505559921265,-0.28462669253349306,0.5308331251144409,0,0.881305992603302,0.47254621982574465,-0.6023256182670593,0.3772102892398834,-0.703502893447876],"time":0.1571965217590332},{"ShiftLock":true,"VVelocity":[-9.637208938598633,0.0005186579073779285,12.772007942199707],"AAnimation":{"Name":"Idle","Weight":0},"CCFrame":[154.41636657714845,-16.69320297241211,-229.0619354248047,-0.7982505559921265,3.574347218204821e-8,0.6023254990577698,8.365628190176722e-8,1,5.1525628208537458e-8,-0.6023254990577698,9.151867175205553e-8,-0.7982505559921265],"CCameraCFrame":[167.01287841796876,-2.698838233947754,-248.66127014160157,-0.7982505559921265,-0.28592658042907717,0.5301339626312256,0,0.880145251750946,0.4747043550014496,-0.6023255586624146,0.37893301248550417,-0.7025764584541321],"time":0.1620945930480957},{"ShiftLock":true,"VVelocity":[-9.63720703125,0.0003855270042549819,12.772007942199707],"AAnimation":{"Name":"Idle","Weight":0},"CCFrame":[154.33604431152345,-16.693199157714845,-228.9554901123047,-0.7982505559921265,2.8527340489858944e-8,0.6023254990577698,6.706137156697878e-8,1,4.1513160908834837e-8,-0.6023254990577698,7.353067843496319e-8,-0.7982505559921265],"CCameraCFrame":[166.9588623046875,-2.6562843322753908,-248.58969116210938,-0.7982507348060608,-0.28690028190612795,0.5296074748039246,-1.4901162970204497e-8,0.879271388053894,0.4763210415840149,-0.602325439453125,0.3802236318588257,-0.7018789649009705],"time":0.1692366600036621},{"ShiftLock":true,"VVelocity":[-9.637206077575684,0.00032804414513520896,12.77200984954834],"AAnimation":{"Name":"Idle","Weight":0},"CCFrame":[154.29588317871095,-16.69319725036621,-228.9022674560547,-0.7982504367828369,2.4920414176676787e-8,0.6023256778717041,5.87665738294163e-8,1,3.650853486192318e-8,-0.6023256778717041,6.453957013263789e-8,-0.7982504367828369],"CCameraCFrame":[166.8553466796875,-2.585452079772949,-248.45248413085938,-0.7982505559921265,-0.2885212004184723,0.5287263989448547,1.4901161193847657e-8,0.8778083324432373,0.47901207208633425,-0.6023255586624146,0.3823716640472412,-0.7007109522819519],"time":0.17418956756591798},{"ShiftLock":true,"VVelocity":[-9.637208938598633,0.00021937573910690844,12.772008895874024],"AAnimation":{"Name":"Idle","Weight":0},"CCFrame":[154.21556091308595,-16.693195343017579,-228.7958221435547,-0.7982504367828369,1.770890811769732e-8,0.6023256778717041,4.2182296766668517e-8,1,2.6502489092194993e-8,-0.6023256778717041,4.6563105371433269e-8,-0.7982504367828369],"CCameraCFrame":[166.79653930664063,-2.528872489929199,-248.3745574951172,-0.7982504367828369,-0.2898160517215729,0.5280179381370544,0,0.8766319155693054,0.48116162419319155,-0.6023257970809937,0.384087473154068,-0.6997717618942261],"time":0.181962251663208},{"ShiftLock":true,"VVelocity":[-9.637210845947266,0.00019039210746996105,12.772007942199707],"AAnimation":{"Name":"Idle","Weight":0},"CCFrame":[154.17539978027345,-16.693195343017579,-228.7425994873047,-0.798250138759613,1.4104290180227963e-8,0.6023260354995728,3.38928174414832e-8,1,2.1501074698448975e-8,-0.6023260354995728,3.757776312340866e-8,-0.798250138759613],"CCameraCFrame":[166.70217895507813,-2.4864883422851564,-248.24949645996095,-0.7982503175735474,-0.2907860577106476,0.5274845957756043,1.4901162970204497e-8,0.8757461309432983,0.4827719032764435,-0.602325975894928,0.3853728175163269,-0.6990644931793213],"time":0.18724346160888673},{"ShiftLock":true,"VVelocity":[-9.637214660644532,0.0001660910784266889,12.772004127502442],"AAnimation":{"Name":"Idle","Weight":0},"CCFrame":[154.09507751464845,-16.693195343017579,-228.6361541748047,-0.7982500195503235,6.897400872674098e-9,0.6023262143135071,1.7319171874419227e-8,1,1.1501456675944155e-8,-0.6023262143135071,1.961282869444858e-8,-0.7982500195503235],"CCameraCFrame":[166.64793395996095,-2.444146156311035,-248.17759704589845,-0.7982500195503235,-0.29175519943237307,0.5269495248794556,-2.9802322387695315e-8,0.8748573064804077,0.4843806028366089,-0.6023262739181519,0.386656790971756,-0.6983548998832703],"time":0.19385576248168946},{"ShiftLock":true,"VVelocity":[-9.63721752166748,0.00016148922441061586,12.772002220153809],"AAnimation":{"Name":"Idle","Weight":0},"CCFrame":[154.05491638183595,-16.693195343017579,-228.5829315185547,-0.7982499003410339,3.2951121831104048e-9,0.6023263931274414,9.03500474436214e-9,1,6.503250826739304e-9,-0.6023263931274414,1.063324184258363e-8,-0.7982499003410339],"CCameraCFrame":[166.55348205566407,-2.4018478393554689,-248.0524139404297,-0.7982498407363892,-0.29272326827049258,0.5264126658439636,0,0.8739657402038574,0.48598766326904299,-0.602326512336731,0.38793957233428957,-0.697642982006073],"time":0.19980096817016602},{"ShiftLock":true,"VVelocity":[-9.637221336364746,0.00015761397662572563,12.771997451782227],"AAnimation":{"Name":"Idle","Weight":0},"CCFrame":[153.97459411621095,-16.693195343017579,-228.4764862060547,-0.7982499003410339,-3.907143053538675e-9,0.6023263931274414,-7.528014656088544e-9,1,-3.4899574341551444e-9,-0.6023263931274414,-7.320180017700295e-9,-0.7982499003410339],"CCameraCFrame":[166.49440002441407,-2.345521926879883,-247.97412109375,-0.7982499003410339,-0.2940121591091156,0.5256937146186829,0,0.872772216796875,0.4881276786327362,-0.6023263335227966,0.38964787125587466,-0.6966903805732727],"time":0.20532488822937013},{"ShiftLock":true,"VVelocity":[-9.637221336364746,0.0001568873703945428,12.771998405456543],"AAnimation":{"Name":"Idle","Weight":0},"CCFrame":[153.93443298339845,-16.693195343017579,-228.4232635498047,-0.7982499003410339,-7.50711492969458e-9,0.6023263931274414,-1.5806868702838984e-8,1,-8.484961178112372e-9,-0.6023263931274414,-1.629401324976243e-8,-0.7982499003410339],"CCameraCFrame":[166.3998260498047,-2.30332088470459,-247.84878540039063,-0.7982499599456787,-0.29497796297073367,0.5251525044441223,-1.4901162970204497e-8,0.8718736171722412,0.4897310435771942,-0.6023264527320862,0.390927791595459,-0.6959729790687561],"time":0.21204257011413575},{"ShiftLock":true,"VVelocity":[-9.637223243713379,0.00015624149818904698,12.771998405456543],"AAnimation":{"Name":"Idle","Weight":0},"CCFrame":[153.85411071777345,-16.693195343017579,-228.3168182373047,-0.7982497811317444,-1.4704745865401492e-8,0.6023265719413757,-3.2359267265746897e-8,1,-1.8471761009664079e-8,-0.6023265719413757,-3.423592787044072e-8,-0.7982497811317444],"CCameraCFrame":[166.34060668945313,-2.2471275329589845,-247.77029418945313,-0.7982497215270996,-0.29626408219337466,0.5244283080101013,-2.9802322387695315e-8,0.8706709146499634,0.4918660521507263,-0.6023266911506653,0.3926319181919098,-0.6950128078460693],"time":0.21802306175231934},{"ShiftLock":true,"VVelocity":[-9.637225151062012,0.00015616076416336,12.77199649810791],"AAnimation":{"Name":"Idle","Weight":0},"CCFrame":[153.81394958496095,-16.693195343017579,-228.2635955810547,-0.7982497811317444,-1.8302408477666178e-8,0.6023265719413757,-4.0632816222796467e-8,1,-2.3463561760195263e-8,-0.6023265719413757,-4.3204007482700038e-8,-0.7982497811317444],"CCameraCFrame":[166.2459259033203,-2.205028533935547,-247.6448211669922,-0.7982497215270996,-0.2972273826599121,0.5238828659057617,-1.4901159417490817e-8,0.8697654008865356,0.49346551299095156,-0.6023265719413757,0.39390870928764346,-0.694290041923523],"time":0.22269845008850099},{"ShiftLock":true,"VVelocity":[-9.637226104736329,0.00015608003013767302,12.771995544433594],"AAnimation":{"Name":"Idle","Weight":0},"CCFrame":[153.73362731933595,-16.693195343017579,-228.1571502685547,-0.7982499003410339,-2.5495435096445364e-8,0.6023263931274414,-5.717459927723212e-8,1,-3.344396759530355e-8,-0.6023263931274414,-6.113441486377269e-8,-0.7982499003410339],"CCameraCFrame":[166.18655395507813,-2.1489734649658205,-247.56614685058595,-0.7982499599456787,-0.2985101342201233,0.523152768611908,1.4901162970204497e-8,0.868553638458252,0.495595246553421,-0.6023264527320862,0.3956088721752167,-0.6933227777481079],"time":0.22951674461364747},{"ShiftLock":true,"VVelocity":[-9.637224197387696,0.00015608003013767302,12.771997451782227],"AAnimation":{"Name":"Idle","Weight":0},"CCFrame":[153.69346618652345,-16.693195343017579,-228.1039276123047,-0.7987415194511414,-2.9140700519292296e-8,0.6016743183135986,-6.54387619647423e-8,1,-3.843932105951353e-8,-0.6016743183135986,-7.007590596685987e-8,-0.7987415194511414],"CCameraCFrame":[166.07119750976563,-2.0929956436157228,-247.4442138671875,-0.7987415194511414,-0.2994665503501892,0.5218541026115418,-1.4901161193847657e-8,0.8673365116119385,0.4977220296859741,-0.6016743183135986,0.3975512385368347,-0.6927777528762817],"time":0.23525357246398927},{"ShiftLock":true,"VVelocity":[-9.628255844116211,0.00015608003013767302,12.778759002685547],"AAnimation":{"Name":"Idle","Weight":0},"CCFrame":[153.61322021484376,-16.693195343017579,-227.99745178222657,-0.7987418174743652,-3.632913347928479e-8,0.60167396068573,-8.196177958552653e-8,1,-4.8426837651049939e-8,-0.60167396068573,-8.799480610832689e-8,-0.7987418174743652],"CCameraCFrame":[166.00682067871095,-2.0231332778930666,-247.35885620117188,-0.7987418174743652,-0.3010634481906891,0.5209341645240784,1.4901162970204497e-8,0.8658080101013184,0.5003763437271118,-0.6016740202903748,0.3996715247631073,-0.6915569305419922],"time":0.2421250343322754},{"ShiftLock":true,"VVelocity":[-9.627336502075196,0.00015608003013767302,12.779451370239258],"AAnimation":{"Name":"Idle","Weight":0},"CCFrame":[153.57310485839845,-16.693195343017579,-227.94419860839845,-0.7987418174743652,-3.9922181116480718e-8,0.60167396068573,-9.022064517694162e-8,1,-5.3418993672949e-8,-0.60167396068573,-9.695139624454896e-8,-0.7987418174743652],"CCameraCFrame":[165.89735412597657,-1.9394607543945313,-247.21359252929688,-0.7987418174743652,-0.30297616124153139,0.5198239684104919,1.4901162970204497e-8,0.8639628887176514,0.5035553574562073,-0.60167396068573,0.40221071243286135,-0.6900832653045654],"time":0.24793648719787599},{"ShiftLock":true,"VVelocity":[-9.626861572265625,0.00015608003013767302,12.779812812805176],"AAnimation":{"Name":"Idle","Weight":0},"CCFrame":[153.4928741455078,-16.693195343017579,-227.8376922607422,-0.7992331385612488,-4.039055312432538e-8,0.6010211110115051,-9.131887424018714e-8,1,-5.423190074793638e-8,-0.6010211110115051,-9.822850444152209e-8,-0.7992331385612488],"CCameraCFrame":[165.82687377929688,-1.8976879119873047,-247.15086364746095,-0.7992331981658936,-0.30360129475593569,0.5187028646469116,1.4901162970204497e-8,0.863036036491394,0.5051424503326416,-0.6010211706161499,0.40372660756111147,-0.6897668838500977],"time":0.25438547134399416},{"ShiftLock":true,"VVelocity":[-9.620284080505371,0.00015608003013767302,12.784760475158692],"AAnimation":{"Name":"Idle","Weight":0},"CCFrame":[153.45278930664063,-16.693195343017579,-227.784423828125,-0.7992332577705383,-3.7188147672395647e-8,0.6010209321975708,-8.416562025104213e-8,1,-5.004786274298567e-8,-0.6010209321975708,-9.058521754923277e-8,-0.7992332577705383],"CCameraCFrame":[165.71717834472657,-1.8142833709716797,-247.00518798828126,-0.7992333173751831,-0.3055057227611542,0.5175832509994507,0,0.8611734509468079,0.5083112716674805,-0.6010209321975708,0.40625929832458498,-0.6882784962654114],"time":0.25967884063720705},{"ShiftLock":true,"VVelocity":[-9.616889953613282,0.00015608003013767302,12.787315368652344],"AAnimation":{"Name":"Idle","Weight":0},"CCFrame":[153.37265014648438,-16.693195343017579,-227.6778564453125,-0.7992333769798279,-3.0785372473474129e-8,0.6010207533836365,-6.986369527339775e-8,1,-4.168246903191175e-8,-0.6010207533836365,-7.530355361495822e-8,-0.7992333769798279],"CCameraCFrame":[165.66722106933595,-1.7865209579467774,-246.9387969970703,-0.7992334365844727,-0.30613967776298525,0.5172083973884583,-2.980232594040899e-8,0.8605499267578125,0.5093660950660706,-0.601020872592926,0.4071023762226105,-0.6877802014350891],"time":0.2653048038482666},{"ShiftLock":true,"VVelocity":[-9.616541862487793,0.00015608003013767302,12.787576675415039],"AAnimation":{"Name":"Idle","Weight":0},"CCFrame":[153.33258056640626,-16.693195343017579,-227.62457275390626,-0.7992332577705383,-2.758498141020027e-8,0.6010209321975708,-6.271503139032575e-8,1,-3.750111332578854e-8,-0.6010209321975708,-6.766518367840036e-8,-0.7992332577705383],"CCameraCFrame":[165.56234741210938,-1.7172069549560547,-246.79933166503907,-0.7992333173751831,-0.30772244930267336,0.5162683725357056,1.4901161193847657e-8,0.8589856624603272,0.5119995474815369,-0.6010209321975708,0.4092071056365967,-0.6865299344062805],"time":0.2726309299468994},{"ShiftLock":true,"VVelocity":[-9.616363525390625,0.00015608003013767302,12.787710189819336],"AAnimation":{"Name":"Idle","Weight":0},"CCFrame":[153.25244140625,-16.693195343017579,-227.51800537109376,-0.7997239232063294,-2.1241556069639956e-8,0.6003679037094116,-4.8429122045945408e-8,1,-2.9129422429718944e-8,-0.6003679037094116,-5.2370786818300988e-8,-0.7997239232063294],"CCameraCFrame":[165.48179626464845,-1.6480178833007813,-246.722900390625,-0.7997240424156189,-0.3089662790298462,0.5147634148597717,-1.4901162970204497e-8,0.8574134111404419,0.5146282911300659,-0.6003678441047669,0.41156062483787539,-0.6856940388679504],"time":0.2782890796661377},{"ShiftLock":true,"VVelocity":[-9.609814643859864,0.00015608003013767302,12.792631149291993],"AAnimation":{"Name":"Idle","Weight":0},"CCFrame":[153.21240234375,-16.693195343017579,-227.46470642089845,-0.7997240424156189,-1.8043250449295557e-8,0.6003677248954773,-4.128845887407806e-8,1,-2.4944915466562635e-8,-0.6003677248954773,-4.473730896847883e-8,-0.7997240424156189],"CCameraCFrame":[165.38168334960938,-1.5927581787109376,-246.58973693847657,-0.7997242212295532,-0.310226708650589,0.514004647731781,-1.4901162970204497e-8,0.8561499118804932,0.5167278051376343,-0.6003677248954773,0.4132397472858429,-0.684683620929718],"time":0.28430628776550295},{"ShiftLock":true,"VVelocity":[-9.60643482208252,0.00015608003013767302,12.795169830322266],"AAnimation":{"Name":"Idle","Weight":0},"CCFrame":[153.13235473632813,-16.693195343017579,-227.3580780029297,-0.7997242212295532,-1.164867668990155e-8,0.600367546081543,-2.7011710201918505e-8,1,-1.657858206272067e-8,-0.600367546081543,-2.9475247131927064e-8,-0.7997242212295532],"CCameraCFrame":[165.32159423828126,-1.537581443786621,-246.50973510742188,-0.799724280834198,-0.3114852011203766,0.513242781162262,0,0.8548810482025147,0.5188241600990295,-0.600367546081543,0.4149162769317627,-0.6836690306663513],"time":0.29125475883483889},{"ShiftLock":true,"VVelocity":[-9.606088638305664,0.00004959145007887855,12.795431137084961],"AAnimation":{"Name":"Idle","Weight":0},"CCFrame":[153.0923309326172,-16.693195343017579,-227.3047637939453,-0.7997239232063294,-8.452394339997227e-9,0.6003679037094116,-1.9875621148912616e-8,1,-1.2396758286570276e-8,-0.6003679037094116,-2.184667025062481e-8,-0.7997239232063294],"CCameraCFrame":[165.22142028808595,-1.4824848175048829,-246.37628173828126,-0.7997239828109741,-0.31274211406707766,0.512478232383728,0,0.8536070585250855,0.5209174752235413,-0.6003678441047669,0.4165901839733124,-0.6826499700546265],"time":0.29524970054626467},{"ShiftLock":true,"VVelocity":[-9.605962753295899,0.00000962795820669271,12.795526504516602],"AAnimation":{"Name":"Idle","Weight":0},"CCFrame":[153.05230712890626,-16.693195343017579,-227.25144958496095,-0.7997242212295532,-5.2568194242041958e-9,0.600367546081543,-1.2741059762788609e-8,1,-8.21582446519642e-9,-0.600367546081543,-1.4219712518581673e-8,-0.7997242212295532],"CCameraCFrame":[165.17129516601563,-1.4549646377563477,-246.3095245361328,-0.7997241616249085,-0.3133697211742401,0.5120944380760193,0,0.8529680967330933,0.5219630599021912,-0.6003676056861877,0.4174264669418335,-0.6821392178535461],"time":0.3019828796386719},{"ShiftLock":true,"VVelocity":[-9.6058931350708,-0.000010959297469526064,12.795578002929688],"AAnimation":{"Name":"Idle","Weight":0},"CCFrame":[152.97225952148438,-16.693195343017579,-227.1448211669922,-0.8002141714096069,1.1206913175243472e-9,0.5997142791748047,1.5166585765058472e-9,1,1.5500790928602016e-10,-0.5997142791748047,1.0336014266698613e-9,-0.8002141714096069],"CCameraCFrame":[165.09552001953126,-1.3999929428100587,-246.23907470703126,-0.8002142906188965,-0.31428125500679018,0.5107685327529907,0,0.8516865968704224,0.5240516066551209,-0.5997143387794495,0.41935357451438906,-0.6815316081047058],"time":0.30840563774108889},{"ShiftLock":true,"VVelocity":[-9.599352836608887,-0.000013058390322839842,12.800483703613282],"AAnimation":{"Name":"Idle","Weight":0},"CCFrame":[152.93226623535157,-16.693195343017579,-227.09149169921876,-0.8002143502235413,4.314226753621142e-9,0.5997141003608704,8.643228355253996e-9,1,4.33908198260724e-9,-0.5997141003608704,8.655661964951378e-9,-0.8002143502235413],"CCameraCFrame":[164.9900665283203,-1.3313922882080079,-246.0985565185547,-0.800214409828186,-0.31584423780441286,0.509803295135498,-1.4901161193847657e-8,0.8500772714614868,0.5266579985618591,-0.5997141003608704,0.4214393198490143,-0.6802440285682678],"time":0.31429576873779299},{"ShiftLock":true,"VVelocity":[-9.596898078918457,-0.8175130486488342,12.802325248718262],"AAnimation":{"Name":"Idle","Weight":0},"CCFrame":[152.89227294921876,-16.69660186767578,-227.03814697265626,-0.8002144694328308,7.507081178914632e-9,0.599713921546936,1.5768273797789335e-8,1,8.522263783561357e-9,-0.599713921546936,1.627609158560972e-8,-0.8002144694328308],"CCameraCFrame":[164.92965698242188,-1.2766046524047852,-246.0179901123047,-0.8002144694328308,-0.31709253787994387,0.5090277194976807,0,0.8487842082977295,0.5287395715713501,-0.5997140407562256,0.42310506105422976,-0.6792093515396118],"time":0.3197672367095947},{"ShiftLock":true,"VVelocity":[-9.59563159942627,-0.11498728394508362,12.803276062011719],"AAnimation":{"Name":"Idle","Weight":0},"CCFrame":[152.81231689453126,-16.6983585357666,-226.93145751953126,-0.8002144694328308,1.3890739225530524e-8,0.599713921546936,3.001379766942591e-8,1,1.6885943310285257e-8,-0.599713921546936,3.151206939833173e-8,-0.8002144694328308],"CCameraCFrame":[164.87942504882813,-1.2526493072509766,-245.95098876953126,-0.8002145290374756,-0.31771591305732729,0.5086386799812317,-1.4901161193847657e-8,0.8481357097625732,0.5297791361808777,-0.599713921546936,0.42393696308135989,-0.6786904335021973],"time":0.32819223403930666},{"ShiftLock":true,"VVelocity":[-9.595500946044922,-0.043138086795806888,12.803374290466309],"AAnimation":{"Name":"Idle","Weight":0},"CCFrame":[152.7723388671875,-16.698537826538087,-226.87811279296876,-0.8002145886421204,1.7081552172726334e-8,0.5997137427330017,3.713427432217031e-8,1,2.1066444588768719e-8,-0.5997137427330017,3.9127613149503307e-8,-0.8002145886421204],"CCameraCFrame":[164.76348876953126,-1.158808708190918,-245.79629516601563,-0.8002147078514099,-0.319894015789032,0.5072714686393738,0,0.8458560705184937,0.5334112048149109,-0.5997137427330017,0.4268434941768646,-0.676866352558136],"time":0.33295440673828127},{"ShiftLock":true,"VVelocity":[-9.595431327819825,-0.006090877577662468,12.803425788879395],"AAnimation":{"Name":"Idle","Weight":0},"CCFrame":[152.6923828125,-16.69862937927246,-226.77142333984376,-0.8002147078514099,2.3461122822254766e-8,0.5997135639190674,5.137065883786818e-8,1,2.9424770175978666e-8,-0.5997135639190674,5.43538156705381e-8,-0.8002147078514099],"CCameraCFrame":[164.7131805419922,-1.1317205429077149,-245.7291717529297,-0.8002146482467651,-0.3205152750015259,0.5068790912628174,0,0.845201849937439,0.534447193145752,-0.5997136235237122,0.42767247557640078,-0.6763429641723633],"time":0.3381228446960449},{"ShiftLock":true,"VVelocity":[-9.595422744750977,-0.823590874671936,12.803431510925293],"AAnimation":{"Name":"Idle","Weight":0},"CCFrame":[152.65240478515626,-16.70206069946289,-226.71807861328126,-0.8002147078514099,2.6649880524587389e-8,0.5997135639190674,5.848656670082164e-8,1,3.360259270834831e-8,-0.5997135639190674,6.1964477993115e-8,-0.8002147078514099],"CCameraCFrame":[164.61769104003907,-1.0909490585327149,-245.6017608642578,-0.8002148866653442,-0.3214462995529175,0.5062890648841858,0,0.8442182540893555,0.5359997153282166,-0.5997135639190674,0.42891496419906618,-0.6755558252334595],"time":0.3436613082885742},{"ShiftLock":true,"VVelocity":[-9.595417976379395,-2.4585909843444826,12.803435325622559],"AAnimation":{"Name":"Idle","Weight":0},"CCFrame":[152.57244873046876,-16.71914291381836,-226.61138916015626,-0.8002147078514099,3.3025347789816809e-8,0.5997135639190674,7.271381718965131e-8,1,4.1955562579687469e-8,-0.5997135639190674,7.718092120967413e-8,-0.8002147078514099],"CCameraCFrame":[164.56214904785157,-1.0535707473754883,-245.52764892578126,-0.8002147674560547,-0.32237616181373598,0.50569748878479,0,0.8432317972183228,0.5375502109527588,-0.5997135639190674,0.43015560507774355,-0.674766480922699],"time":0.3511016368865967},{"ShiftLock":true,"VVelocity":[-9.595417022705079,-0.9219982624053955,12.803436279296875],"AAnimation":{"Name":"Idle","Weight":0},"CCFrame":[152.532470703125,-16.722984313964845,-226.55804443359376,-0.8002145886421204,3.6212043141858888e-8,0.5997137427330017,7.982516336824119e-8,1,4.613070458958646e-8,-0.5997137427330017,8.478671276179739e-8,-0.8002145886421204],"CCameraCFrame":[164.45091247558595,-0.9891672134399414,-245.37921142578126,-0.8002147078514099,-0.32423293590545657,0.5045092701911926,0,0.8412502408027649,0.5406461358070374,-0.5997138023376465,0.4326329827308655,-0.6731806397438049],"time":0.35600852966308596},{"ShiftLock":true,"VVelocity":[-9.595418930053711,-0.12969274818897248,12.80343246459961],"AAnimation":{"Name":"Idle","Weight":0},"CCFrame":[152.4525146484375,-16.724964141845704,-226.45135498046876,-0.8002145886421204,4.258342301000084e-8,0.5997137427330017,9.404329404105738e-8,1,5.44783134159843e-8,-0.5997137427330017,9.999340022659453e-8,-0.8002145886421204],"CCameraCFrame":[164.39523315429688,-0.9523420333862305,-245.30491638183595,-0.8002146482467651,-0.32515949010849,0.5039125084877014,0,0.8402551412582398,0.542191207408905,-0.5997136831283569,0.433869332075119,-0.6723844408988953],"time":0.364208459854126},{"ShiftLock":true,"VVelocity":[-9.595418930053711,-0.9471927285194397,12.803433418273926],"AAnimation":{"Name":"Idle","Weight":0},"CCFrame":[152.41253662109376,-16.728910446166993,-226.39801025390626,-0.8002147078514099,4.57681110788144e-8,0.5997135639190674,1.0115007853528368e-7,1,5.8650783785196839e-8,-0.5997135639190674,1.0759429613926841e-7,-0.8002147078514099],"CCameraCFrame":[164.28372192382813,-0.8731250762939453,-245.1561279296875,-0.8002147674560547,-0.32700949907302859,0.5027137994766235,0,0.8382564783096314,0.5452761650085449,-0.5997135639190674,0.43633803725242617,-0.6707851886749268],"time":0.36872363090515139},{"ShiftLock":true,"VVelocity":[-9.595417976379395,-1.764692783355713,12.80343246459961],"AAnimation":{"Name":"Idle","Weight":0},"CCFrame":[152.37255859375,-16.736263275146486,-226.34466552734376,-0.8002147078514099,4.2063053484753257e-8,0