[{"ShiftLock":false,"VVelocity":[-1.9817179008896347e-8,0.00005200968007557094,-1.4853526408842299e-8],"AAnimation":{"Name":"Idle","Weight":0},"CCFrame":[139.9348907470703,-16.6937313079834,-244.3513946533203,0.8058874011039734,5.474198161437016e-8,-0.5920688509941101,-6.840901534133082e-8,1,-6.552993703223819e-10,0.5920688509941101,4.1030943975783887e-8,0.8058874011039734],"CCameraCFrame":[144.44007873535157,9.988838195800782,-250.54013061523438,-0.8084694743156433,-0.5630974173545837,0.17116771638393403,0,0.2908353805541992,0.9567731618881226,-0.5885380506515503,0.773521900177002,-0.23513154685497285],"time":0},{"ShiftLock":true,"VVelocity":[-3.21506667137146,-0.04327455908060074,4.023484706878662],"AAnimation":{"Name":"Idle","Weight":0},"CCFrame":[139.914794921875,-16.693912506103517,-244.3262481689453,-0.7812207341194153,-6.719995582216143e-8,0.6242548823356628,-8.610465584979466e-8,1,-1.0698691238486546e-10,-0.6242548823356628,-5.383483170362524e-8,-0.7812207341194153],"CCameraCFrame":[151.53518676757813,0.9696483612060547,-261.671875,-0.7812207937240601,-0.38335666060447695,0.49267807602882388,1.4901159417490817e-8,0.7892259359359741,0.6141029000282288,-0.6242547631263733,0.4797499477863312,-0.6165598034858704],"time":0.008790016174316407},{"ShiftLock":true,"VVelocity":[-4.822600841522217,-0.014404283836483956,6.0352253913879398],"AAnimation":{"Name":"Idle","Weight":0},"CCFrame":[139.8946990966797,-16.693971633911134,-244.3011016845703,-0.7812210321426392,-7.4280954720507e-8,0.6242545247077942,-9.494963393308353e-8,1,1.6708004424437207e-10,-0.6242545247077942,-5.9142212904816918e-8,-0.7812210321426392],"CCameraCFrame":[151.5150909423828,0.9694633483886719,-261.6467590332031,-0.7812211513519287,-0.38335633277893069,0.49267783761024477,0,0.7892260551452637,0.6141027212142944,-0.6242544054985046,0.47975003719329836,-0.6165601015090942],"time":0.011195659637451172},{"ShiftLock":true,"VVelocity":[-8.037666320800782,0.010748417116701603,10.058711051940918],"AAnimation":{"Name":"Idle","Weight":0},"CCFrame":[139.83441162109376,-16.693920135498048,-244.2256622314453,-0.7812207341194153,-8.843832688398834e-8,0.6242548823356628,-1.1263391996862993e-7,1,7.150469660821557e-10,-0.6242548823356628,-6.97536677307653e-8,-0.7812207341194153],"CCameraCFrame":[151.4949951171875,0.9694080352783203,-261.62158203125,-0.7812207937240601,-0.38335666060447695,0.49267807602882388,1.4901159417490817e-8,0.7892259359359741,0.6141029000282288,-0.6242547631263733,0.4797499477863312,-0.6165598034858704],"time":0.01819610595703125},{"ShiftLock":true,"VVelocity":[-9.256672859191895,0.014953464269638062,11.584224700927735],"AAnimation":{"Name":"Idle","Weight":0},"CCFrame":[139.79583740234376,-16.693857192993165,-244.17739868164063,-0.7812210321426392,-8.18179302086719e-8,0.6242545247077942,-1.0410124673398968e-7,1,7.878940277983304e-10,-0.6242545247077942,-6.437015542815061e-8,-0.7812210321426392],"CCameraCFrame":[151.43470764160157,0.9694557189941406,-261.5461730957031,-0.7812211513519287,-0.38335633277893069,0.49267783761024477,0,0.7892260551452637,0.6141027212142944,-0.6242544054985046,0.47975003719329836,-0.6165601015090942],"time":0.024170875549316407},{"ShiftLock":true,"VVelocity":[-9.713796615600586,0.016444385051727296,12.156295776367188],"AAnimation":{"Name":"Idle","Weight":0},"CCFrame":[139.75535583496095,-16.693788528442384,-244.1267547607422,-0.7812210321426392,-7.519891198626283e-8,0.6242545247077942,-9.557039959418035e-8,1,8.607244361691357e-10,-0.6242545247077942,-5.8987836837332e-8,-0.7812210321426392],"CCameraCFrame":[151.39613342285157,0.9695167541503906,-261.4978942871094,-0.7812212109565735,-0.3833563029766083,0.4926778972148895,-1.4901162970204497e-8,0.789226233959198,0.6141026616096497,-0.6242544054985046,0.47975003719329836,-0.616560161113739],"time":0.028806209564208986},{"ShiftLock":true,"VVelocity":[-9.949501037597657,0.015507947653532029,12.45127010345459],"AAnimation":{"Name":"Idle","Weight":0},"CCFrame":[139.67271423339845,-16.693655014038087,-244.02333068847657,-0.7812207341194153,-6.196510327072247e-8,0.6242548823356628,-7.851416938819966e-8,1,1.0063274658023147e-9,-0.6242548823356628,-4.822668842052735e-8,-0.7812207341194153],"CCameraCFrame":[151.35565185546876,0.9695892333984375,-261.4472351074219,-0.7812208533287048,-0.38335663080215456,0.49267807602882388,1.4901161193847657e-8,0.7892259955406189,0.614102840423584,-0.6242547631263733,0.4797499477863312,-0.6165598034858704],"time":0.035387277603149417},{"ShiftLock":true,"VVelocity":[-9.973610877990723,0.0058057792484760288,12.48143482208252],"AAnimation":{"Name":"Idle","Weight":0},"CCFrame":[139.63116455078126,-16.69363021850586,-243.97132873535157,-0.7812210321426392,-5.535035185744164e-8,0.6242545247077942,-6.998878632202832e-8,1,1.0791104676499686e-9,-0.6242545247077942,-4.2847791092981427e-8,-0.7812210321426392],"CCameraCFrame":[151.27301025390626,0.9697208404541016,-261.3438415527344,-0.7812211513519287,-0.38335633277893069,0.4926778972148895,-1.4901161193847657e-8,0.7892261743545532,0.6141027212142944,-0.6242544054985046,0.47975003719329836,-0.616560161113739],"time":0.04116463661193848},{"ShiftLock":true,"VVelocity":[-9.986037254333496,0.009741012938320637,12.496992111206055],"AAnimation":{"Name":"Idle","Weight":0},"CCFrame":[139.54795837402345,-16.693553924560548,-243.86720275878907,-0.7812207341194153,-4.212502346945257e-8,0.6242548823356628,-5.2943484263323629e-8,1,1.2246204050825327e-9,-0.6242548823356628,-3.2093531387999977e-8,-0.7812207341194153],"CCameraCFrame":[151.23146057128907,0.9697494506835938,-261.29180908203127,-0.7812207937240601,-0.38335666060447695,0.49267807602882388,1.4901159417490817e-8,0.7892259359359741,0.6141029000282288,-0.6242547631263733,0.4797499477863312,-0.6165598034858704],"time":0.048047542572021487},{"ShiftLock":true,"VVelocity":[-9.987311363220215,0.009830143302679062,12.498580932617188],"AAnimation":{"Name":"Idle","Weight":0},"CCFrame":[139.50634765625,-16.693513870239259,-243.81512451171876,-0.7812210321426392,-3.5514503338163198e-8,0.6242545247077942,-4.4423568823503959e-8,1,1.2973546681394055e-9,-0.6242545247077942,-2.6718092627220359e-8,-0.7812210321426392],"CCameraCFrame":[151.14825439453126,0.9698219299316406,-261.1877136230469,-0.7812211513519287,-0.38335633277893069,0.49267783761024477,0,0.7892260551452637,0.6141027212142944,-0.6242544054985046,0.47975003719329836,-0.6165601015090942],"time":0.05373549461364746},{"ShiftLock":true,"VVelocity":[-9.987963676452637,0.00865586195141077,12.499403953552246],"AAnimation":{"Name":"Idle","Weight":0},"CCFrame":[139.42312622070313,-16.693439483642579,-243.71096801757813,-0.7812210321426392,-2.229767481765066e-8,0.6242545247077942,-2.7389196688432095e-8,1,1.4427760097746046e-9,-0.6242545247077942,-1.5970702094136869e-8,-0.7812210321426392],"CCameraCFrame":[151.1066436767578,0.9698600769042969,-261.1356201171875,-0.7812212109565735,-0.3833563029766083,0.4926778972148895,-1.4901162970204497e-8,0.789226233959198,0.6141026616096497,-0.6242544054985046,0.47975003719329836,-0.616560161113739],"time":0.0594632625579834},{"ShiftLock":true,"VVelocity":[-9.988030433654786,0.0032362467609345915,12.49948787689209],"AAnimation":{"Name":"Idle","Weight":0},"CCFrame":[139.3815155029297,-16.69342613220215,-243.6588897705078,-0.7812210321426392,-1.5691378862925377e-8,0.6242545247077942,-1.88747399931799e-8,1,1.515463643464443e-9,-0.6242545247077942,-1.0598729893729342e-8,-0.7812210321426392],"CCameraCFrame":[151.02342224121095,0.9699344635009766,-261.0314636230469,-0.7812211513519287,-0.3833563029766083,0.4926779270172119,-1.4901161193847657e-8,0.789226233959198,0.6141026616096497,-0.6242544054985046,0.47974997758865359,-0.6165602207183838],"time":0.06504297256469727},{"ShiftLock":true,"VVelocity":[-9.98806381225586,0.005268814042210579,12.499530792236329],"AAnimation":{"Name":"Idle","Weight":0},"CCFrame":[139.2982940673828,-16.693384170532228,-243.5547332763672,-0.7812207341194153,-2.4830162370648169e-9,0.6242548823356628,-1.8512880117782516e-9,1,1.6607826225367717e-9,-0.6242548823356628,1.4176226859063946e-10,-0.7812207341194153],"CCameraCFrame":[150.9818115234375,0.9699516296386719,-260.9793701171875,-0.7812208533287048,-0.38335663080215456,0.49267807602882388,1.4901161193847657e-8,0.7892259955406189,0.614102840423584,-0.6242547631263733,0.4797499477863312,-0.6165598034858704],"time":0.0719611644744873},{"ShiftLock":true,"VVelocity":[-9.98807144165039,0.005285768304020166,12.499532699584961],"AAnimation":{"Name":"Idle","Weight":0},"CCFrame":[139.25668334960938,-16.693361282348634,-243.50265502929688,-0.7812210321426392,4.119045549089151e-9,0.6242545247077942,6.6577090507280449e-9,1,1.7334225166365514e-9,-0.6242545247077942,5.510291334331896e-9,-0.7812210321426392],"CCameraCFrame":[150.89859008789063,0.9699916839599609,-260.875244140625,-0.7812211513519287,-0.38335633277893069,0.4926778972148895,-1.4901161193847657e-8,0.7892261743545532,0.6141027212142944,-0.6242544054985046,0.47975003719329836,-0.616560161113739],"time":0.0779426097869873},{"ShiftLock":true,"VVelocity":[-9.988070487976075,0.004596619866788387,12.499537467956543],"AAnimation":{"Name":"Idle","Weight":0},"CCFrame":[139.1734619140625,-16.693321228027345,-243.39849853515626,-0.7812210321426392,1.7318937395316426e-8,0.6242545247077942,2.367024798388684e-8,1,1.8786552313798667e-9,-0.6242545247077942,1.6243903999679789e-8,-0.7812210321426392],"CCameraCFrame":[150.8569793701172,0.9700126647949219,-260.8231506347656,-0.7812212109565735,-0.3833563029766083,0.4926778972148895,-1.4901162970204497e-8,0.789226233959198,0.6141026616096497,-0.6242544054985046,0.47975003719329836,-0.616560161113739],"time":0.08455848693847656},{"ShiftLock":true,"VVelocity":[-9.988070487976075,0.004134900402277708,12.49953842163086],"AAnimation":{"Name":"Idle","Weight":0},"CCFrame":[139.13185119628907,-16.69330406188965,-243.34642028808595,-0.7812210321426392,2.3916767233345128e-8,0.6242545247077942,3.2173790742717759e-8,1,1.951247829978797e-9,-0.6242545247077942,2.160899015279938e-8,-0.7812210321426392],"CCameraCFrame":[150.7737579345703,0.9700527191162109,-260.718994140625,-0.7812211513519287,-0.3833563029766083,0.4926779270172119,-1.4901161193847657e-8,0.789226233959198,0.6141026616096497,-0.6242544054985046,0.47974997758865359,-0.6165602207183838],"time":0.08945322036743164},{"ShiftLock":true,"VVelocity":[-9.988069534301758,0.003227769397199154,12.49953842163086],"AAnimation":{"Name":"Idle","Weight":0},"CCFrame":[139.0486297607422,-16.693275451660158,-243.2422637939453,-0.781221330165863,3.7108208061908957e-8,0.6242541670799255,4.917542639759631e-8,1,2.0963941693707967e-9,-0.6242541670799255,3.2335712774056449e-8,-0.781221330165863],"CCameraCFrame":[150.73214721679688,0.970062255859375,-260.66693115234377,-0.7812214493751526,-0.38335588574409487,0.4926776885986328,-1.4901162970204497e-8,0.7892262935638428,0.6141023635864258,-0.624254047870636,0.4797499477863312,-0.6165604591369629],"time":0.09721040725708008},{"ShiftLock":true,"VVelocity":[-9.988066673278809,0.0028211912140250208,12.499540328979493],"AAnimation":{"Name":"Idle","Weight":0},"CCFrame":[139.00701904296876,-16.69326400756836,-243.190185546875,-0.781221330165863,4.370181017065988e-8,0.6242541670799255,5.767352107000079e-8,1,2.1689448015393966e-9,-0.6242541670799255,3.76973616766918e-8,-0.781221330165863],"CCameraCFrame":[150.64892578125,0.9700870513916016,-260.5627746582031,-0.7812213897705078,-0.3833558261394501,0.4926777780056,1.4901161193847657e-8,0.7892264127731323,0.6141022443771362,-0.624254047870636,0.47974979877471926,-0.6165605783462524],"time":0.1017155647277832},{"ShiftLock":true,"VVelocity":[-9.988064765930176,0.0021420540288090708,12.499542236328125],"AAnimation":{"Name":"Idle","Weight":0},"CCFrame":[138.92379760742188,-16.69324493408203,-243.08602905273438,-0.7812210321426392,5.688477244802925e-8,0.6242545247077942,7.466426410474014e-8,1,2.3139914429037846e-9,-0.6242545247077942,4.8417241771403499e-8,-0.7812210321426392],"CCameraCFrame":[150.60731506347657,0.9701042175292969,-260.51068115234377,-0.7812211513519287,-0.38335615396499636,0.49267804622650149,0,0.7892264127731323,0.6141024231910706,-0.6242544054985046,0.47974979877471926,-0.6165603399276733],"time":0.11207437515258789},{"ShiftLock":true,"VVelocity":[-9.988068580627442,0.0018516526324674488,12.499540328979493],"AAnimation":{"Name":"Idle","Weight":0},"CCFrame":[138.88218688964845,-16.6932373046875,-243.03395080566407,-0.7812210321426392,6.347414682750241e-8,0.6242545247077942,8.315691246707502e-8,1,2.3864910048132516e-9,-0.6242545247077942,5.377545519991145e-8,-0.7812210321426392],"CCameraCFrame":[150.5240936279297,0.9701251983642578,-260.4065246582031,-0.7812211513519287,-0.3833561837673187,0.4926779866218567,0,0.7892262935638428,0.6141024827957153,-0.6242544054985046,0.479749858379364,-0.6165602803230286],"time":0.11387848854064942},{"ShiftLock":true,"VVelocity":[-9.988069534301758,0.001599034876562655,12.499539375305176],"AAnimation":{"Name":"Idle","Weight":0},"CCFrame":[138.840576171875,-16.6932315826416,-242.98187255859376,-0.781221330165863,7.006214275406819e-8,0.6242541670799255,9.164774184000635e-8,1,2.4589785763140527e-9,-0.6242541670799255,5.913249268019172e-8,-0.781221330165863],"CCameraCFrame":[150.48248291015626,0.9701271057128906,-260.3544616699219,-0.7812214493751526,-0.38335585594177248,0.4926777780056,1.4901161193847657e-8,0.7892264127731323,0.614102303981781,-0.624254047870636,0.4797498881816864,-0.6165605783462524],"time":0.12027907371520996},{"ShiftLock":true,"VVelocity":[-9.988065719604493,0.0012062623864039779,12.499542236328125],"AAnimation":{"Name":"Idle","Weight":0},"CCFrame":[138.75735473632813,-16.693220138549806,-242.87771606445313,-0.7812210321426392,8.323382871822105e-8,0.6242545247077942,1.0862396493394044e-7,1,2.6039017608781025e-9,-0.6242545247077942,6.98432245371805e-8,-0.7812210321426392],"CCameraCFrame":[150.4408721923828,0.9701366424560547,-260.3023681640625,-0.7812211513519287,-0.38335615396499636,0.49267804622650149,0,0.7892264127731323,0.6141024231910706,-0.6242544054985046,0.47974979877471926,-0.6165603399276733],"time":0.12711334228515626},{"ShiftLock":true,"VVelocity":[-9.988068580627442,0.0010348634095862508,12.499540328979493],"AAnimation":{"Name":"Idle","Weight":0},"CCFrame":[138.7157440185547,-16.69321632385254,-242.8256378173828,-0.7812210321426392,8.981757559922699e-8,0.6242545247077942,1.1710935865494321e-7,1,2.6763395943874004e-9,-0.6242545247077942,7.519685851775648e-8,-0.7812210321426392],"CCameraCFrame":[150.35765075683595,0.9701499938964844,-260.1982116699219,-0.7812211513519287,-0.3833561837673187,0.4926779866218567,0,0.7892262935638428,0.6141024827957153,-0.6242544054985046,0.479749858379364,-0.6165602803230286],"time":0.13198232650756837},{"ShiftLock":true,"VVelocity":[-9.988070487976075,0.0007704584859311581,12.49953842163086],"AAnimation":{"Name":"Idle","Weight":0},"CCFrame":[138.6325225830078,-16.693208694458009,-242.7214813232422,-0.781221330165863,7.566666937464106e-8,0.6242541670799255,9.854325355718174e-8,1,2.1103883085515919e-9,-0.6242541670799255,6.31647196769336e-8,-0.781221330165863],"CCameraCFrame":[150.3160400390625,0.9701480865478516,-260.1461486816406,-0.7812214493751526,-0.38335585594177248,0.4926777780056,1.4901161193847657e-8,0.7892264127731323,0.614102303981781,-0.624254047870636,0.4797498881816864,-0.6165605783462524],"time":0.1387786865234375},{"ShiftLock":true,"VVelocity":[-9.988066673278809,0.0006557350279763341,12.499540328979493],"AAnimation":{"Name":"Idle","Weight":0},"CCFrame":[138.59091186523438,-16.693206787109376,-242.66940307617188,-0.781221330165863,6.859346513010678e-8,0.6242541670799255,8.926317462965017e-8,1,1.827505924367756e-9,-0.6242541670799255,5.7150593590904467e-8,-0.781221330165863],"CCameraCFrame":[150.23281860351563,0.9701519012451172,-260.0419921875,-0.7812215089797974,-0.3833557367324829,0.49267783761024477,1.4901162970204497e-8,0.7892265319824219,0.6141021251678467,-0.624254047870636,0.47974979877471926,-0.6165606379508972],"time":0.14473772048950196},{"ShiftLock":true,"VVelocity":[-9.988064765930176,0.0004993526381440461,12.499542236328125],"AAnimation":{"Name":"Idle","Weight":0},"CCFrame":[138.5076904296875,-16.69320297241211,-242.56524658203126,-0.7812210321426392,5.4451565034696617e-8,0.6242545247077942,7.070896401728533e-8,1,1.2619283396020365e-9,-0.6242545247077942,4.5126235193038158e-8,-0.7812210321426392],"CCameraCFrame":[150.1912078857422,0.9701576232910156,-259.9898986816406,-0.7812212109565735,-0.3833560645580292,0.49267807602882388,-1.4901162970204497e-8,0.7892265319824219,0.614102303981781,-0.6242544054985046,0.47974973917007449,-0.6165603995323181],"time":0.1511838436126709},{"ShiftLock":true,"VVelocity":[-9.988068580627442,0.0004373486735858023,12.499540328979493],"AAnimation":{"Name":"Idle","Weight":0},"CCFrame":[138.46607971191407,-16.693201065063478,-242.51316833496095,-0.7812210321426392,4.738289760553016e-8,0.6242545247077942,6.143483233245206e-8,1,9.792296973287762e-10,-0.6242545247077942,3.9115967354064199e-8,-0.7812210321426392],"CCameraCFrame":[150.1079864501953,0.9701652526855469,-259.8857421875,-0.7812211513519287,-0.38335615396499636,0.49267804622650149,0,0.7892264127731323,0.6141024231910706,-0.6242544054985046,0.47974979877471926,-0.6165603399276733],"time":0.15714025497436524},{"ShiftLock":true,"VVelocity":[-9.988070487976075,0.0003249664732720703,12.49953842163086],"AAnimation":{"Name":"Idle","Weight":0},"CCFrame":[138.3828582763672,-16.69319725036621,-242.4090118408203,-0.781221330165863,3.325010666799244e-8,0.6242541670799255,4.2892516205483847e-8,1,4.140041642841652e-10,-0.6242541670799255,2.7099261501462025e-8,-0.781221330165863],"CCameraCFrame":[150.06637573242188,0.9701614379882813,-259.83367919921877,-0.7812213897705078,-0.3833558261394501,0.4926777780056,1.4901161193847657e-8,0.7892264127731323,0.6141022443771362,-0.624254047870636,0.47974979877471926,-0.6165605783462524],"time":0.16368603706359864},{"ShiftLock":true,"VVelocity":[-9.988066673278809,0.00027135887648910284,12.499540328979493],"AAnimation":{"Name":"Idle","Weight":0},"CCFrame":[138.34124755859376,-16.693195343017579,-242.35693359375,-0.781221330165863,2.618596539605278e-8,0.6242541670799255,3.362432821063521e-8,1,1.3148192257173009e-10,-0.6242541670799255,2.1092844804115886e-8,-0.781221330165863],"CCameraCFrame":[149.983154296875,0.9701633453369141,-259.7295227050781,-0.7812215089797974,-0.3833557367324829,0.49267783761024477,1.4901162970204497e-8,0.7892265319824219,0.6141021251678467,-0.624254047870636,0.47974979877471926,-0.6165606379508972],"time":0.1683952808380127},{"ShiftLock":true,"VVelocity":[-9.988064765930176,0.00018981719040311873,12.499542236328125],"AAnimation":{"Name":"Idle","Weight":0},"CCFrame":[138.25802612304688,-16.693195343017579,-242.25277709960938,-0.7812210321426392,1.2062202792151311e-8,0.6242545247077942,1.5093895910922585e-8,1,-4.333713665705119e-10,-0.6242545247077942,9.083874097370881e-9,-0.7812210321426392],"CCameraCFrame":[149.94154357910157,0.9701690673828125,-259.67742919921877,-0.7812212109565735,-0.3833560645580292,0.49267807602882388,-1.4901162970204497e-8,0.7892265319824219,0.614102303981781,-0.6242544054985046,0.47974973917007449,-0.6165603995323181],"time":0.1745462417602539},{"ShiftLock":true,"VVelocity":[-9.988068580627442,0.0001743161992635578,12.499540328979493],"AAnimation":{"Name":"Idle","Weight":0},"CCFrame":[138.21641540527345,-16.693195343017579,-242.20069885253907,-0.7807109951972961,4.995169167187896e-9,0.6248922348022461,5.831422011937093e-9,1,-7.081440989153975e-10,-0.6248922348022461,3.0911544435241469e-9,-0.7807109951972961],"CCameraCFrame":[149.86009216308595,0.9956035614013672,-259.54833984375,-0.7807110548019409,-0.38435161113739016,0.4927109181880951,0,0.7884734869003296,0.6150686740875244,-0.6248921751976013,0.4801909029483795,-0.6155699491500855],"time":0.18146491050720216},{"ShiftLock":true,"VVelocity":[-9.99683952331543,0.00016139871149789542,12.492525100708008],"AAnimation":{"Name":"Idle","Weight":0},"CCFrame":[138.13311767578126,-16.693195343017579,-242.09658813476563,-0.7807106971740723,-9.119526467316064e-9,0.6248925924301148,-1.2687582540138465e-8,1,-1.2575036567596954e-9,-0.6248925924301148,-8.910123305838625e-9,-0.7807106971740723],"CCameraCFrame":[149.79986572265626,1.0337238311767579,-259.4729919433594,-0.7807108163833618,-0.3852567970752716,0.492003858089447,0,0.7873415946960449,0.6165169477462769,-0.6248924732208252,0.48132145404815676,-0.614686131477356],"time":0.18723201751708985},{"ShiftLock":true,"VVelocity":[-9.997739791870118,0.00015889594214968383,12.491805076599121],"AAnimation":{"Name":"Idle","Weight":0},"CCFrame":[138.09146118164063,-16.693195343017579,-242.04454040527345,-0.7807111144065857,-1.617461542480214e-8,0.6248920559883118,-2.194411408140695e-8,1,-1.5321007795776609e-9,-0.6248920559883118,-1.4908831502680188e-8,-0.7807111144065857],"CCameraCFrame":[149.70413208007813,1.0590991973876954,-259.3533630371094,-0.78071129322052,-0.38585901260375979,0.4915311634540558,1.4901162970204497e-8,0.786585807800293,0.6174810528755188,-0.6248920559883118,0.48207443952560427,-0.6140962839126587],"time":0.19355511665344239},{"ShiftLock":true,"VVelocity":[-9.998072624206543,0.00015760419773869216,12.491539001464844],"AAnimation":{"Name":"Idle","Weight":0},"CCFrame":[138.0498046875,-16.693195343017579,-241.99249267578126,-0.7807109951972961,-2.322818737354737e-8,0.6248922348022461,-3.1198666761156349e-8,1,-1.8066377283076918e-9,-0.6248922348022461,-2.090626516348948e-8,-0.7807109951972961],"CCameraCFrame":[149.6313018798828,1.1224422454833985,-259.2623596191406,-0.7807111144065857,-0.3873630166053772,0.4903469681739807,1.4901162970204497e-8,0.7846904993057251,0.6198877096176148,-0.6248922348022461,0.48395323753356936,-0.6126164793968201],"time":0.19864749908447267},{"ShiftLock":true,"VVelocity":[-9.998246192932129,0.00015647392137907445,12.491397857666016],"AAnimation":{"Name":"Idle","Weight":0},"CCFrame":[137.96649169921876,-16.693195343017579,-241.88839721679688,-0.780200183391571,-3.7313721890086529e-8,0.625529944896698,-4.970227251988035e-8,1,-2.340415861112888e-9,-0.625529944896698,-3.29162510581682e-8,-0.780200183391571],"CCameraCFrame":[149.5786590576172,1.1730022430419922,-259.1696472167969,-0.7802003622055054,-0.3889598548412323,0.48989570140838625,-1.4901162970204497e-8,0.7831692695617676,0.621808648109436,-0.6255298256874085,0.48513534665107729,-0.6110288500785828],"time":0.20488286018371583},{"ShiftLock":true,"VVelocity":[-10.007038116455079,0.00015615098527632654,12.484355926513672],"AAnimation":{"Name":"Idle","Weight":0},"CCFrame":[137.8831024169922,-16.693195343017579,-241.7843475341797,-0.7802003026008606,-5.1410328438805666e-8,0.6255297660827637,-6.819796993795535e-8,1,-2.8739661761534309e-9,-0.6255297660827637,-4.490213001417942e-8,-0.7802003026008606],"CCameraCFrame":[149.46392822265626,1.2360610961914063,-259.0263671875,-0.7802003622055054,-0.39045846462249758,0.48870202898979189,-1.4901161193847657e-8,0.7812610864639282,0.6242044568061829,-0.6255297660827637,0.4870045483112335,-0.6095401048660278],"time":0.21177172660827638},{"ShiftLock":true,"VVelocity":[-10.007936477661133,0.00015607025125063956,12.483636856079102],"AAnimation":{"Name":"Idle","Weight":0},"CCFrame":[137.84140014648438,-16.693195343017579,-241.73233032226563,-0.7802004814147949,-5.8456375739979197e-8,0.6255295872688294,-7.744285568378473e-8,1,-3.140660176370602e-9,-0.6255295872688294,-5.089314214501428e-8,-0.7802004814147949],"CCameraCFrame":[149.35531616210938,1.2863960266113282,-258.890869140625,-0.7802005410194397,-0.3916545808315277,0.48774367570877077,0,0.7797293066978455,0.6261168718338013,-0.6255295276641846,0.48849672079086306,-0.6083452105522156],"time":0.21817994117736817},{"ShiftLock":true,"VVelocity":[-10.008271217346192,0.00015607025125063956,12.483368873596192],"AAnimation":{"Name":"Idle","Weight":0},"CCFrame":[137.79969787597657,-16.693195343017579,-241.68031311035157,-0.7802003026008606,-6.550089892698452e-8,0.6255297660827637,-8.66857661208087e-8,1,-3.4072944465890488e-9,-0.6255297660827637,-5.6882900167920528e-8,-0.7802003026008606],"CCameraCFrame":[149.275634765625,1.3617191314697266,-258.7914733886719,-0.7802004218101502,-0.39344486594200137,0.48630091547966006,0,0.7774226665496826,0.6289786696434021,-0.6255297660827637,0.490729421377182,-0.6065453290939331],"time":0.2228994369506836},{"ShiftLock":true,"VVelocity":[-10.00844669342041,0.00015607025125063956,12.48322868347168],"AAnimation":{"Name":"Idle","Weight":0},"CCFrame":[137.71629333496095,-16.693195343017579,-241.57627868652345,-0.7802004814147949,-7.958546177633252e-8,0.6255295872688294,-1.0516566106844039e-7,1,-3.940400450375137e-9,-0.6255295872688294,-6.885853309768209e-8,-0.7802004814147949],"CCameraCFrame":[149.21487426757813,1.3992977142333985,-258.7156982421875,-0.7802006602287293,-0.3943377733230591,0.4855767786502838,-1.4901162970204497e-8,0.7762653827667236,0.630406379699707,-0.6255294680595398,0.49184346199035647,-0.6056426167488098],"time":0.23041248321533204},{"ShiftLock":true,"VVelocity":[-10.008461952209473,0.00015607025125063956,12.483217239379883],"AAnimation":{"Name":"Idle","Weight":0},"CCFrame":[137.67459106445313,-16.693195343017579,-241.52426147460938,-0.7796890735626221,-8.656918737415254e-8,0.626166820526123,-1.144028658472962e-7,1,-4.199322223286117e-9,-0.626166820526123,-7.490944398114152e-8,-0.7796890735626221],"CCameraCFrame":[149.1007080078125,1.4867706298828126,-258.54669189453127,-0.7796891927719116,-0.39682048559188845,0.48437410593032839,0,0.7735545635223389,0.6337297558784485,-0.6261667013168335,0.4941122531890869,-0.6031321883201599],"time":0.23488521575927735},{"ShiftLock":true,"VVelocity":[-10.017231941223145,0.00015607025125063956,12.476179122924805],"AAnimation":{"Name":"Idle","Weight":0},"CCFrame":[137.59112548828126,-16.693195343017579,-241.4202880859375,-0.779689371585846,-7.373981247837946e-8,0.6261664628982544,-9.737122041997282e-8,1,-3.4806952875499066e-9,-0.6261664628982544,-6.368445326643269e-8,-0.779689371585846],"CCameraCFrame":[149.039794921875,1.5241565704345704,-258.47076416015627,-0.7796895503997803,-0.39770975708961489,0.4836438298225403,-1.4901162970204497e-8,0.7723886966705322,0.6351501941680908,-0.6261664628982544,0.49521997570991518,-0.60222327709198],"time":0.24158740043640138},{"ShiftLock":true,"VVelocity":[-10.018125534057618,0.00015607025125063956,12.47546100616455],"AAnimation":{"Name":"Idle","Weight":0},"CCFrame":[137.54937744140626,-16.693195343017579,-241.36830139160157,-0.7791778445243836,-6.727513124360485e-8,0.626802921295166,-8.885783842060846e-8,1,-3.12844927741196e-9,-0.626802921295166,-5.8133974079055409e-8,-0.7791778445243836],"CCameraCFrame":[148.93801879882813,1.586343765258789,-258.3175354003906,-0.7791777849197388,-0.3995950520038605,0.48291391134262087,1.4901161193847657e-8,0.7704397439956665,0.6375129222869873,-0.6268030405044556,0.49673590064048769,-0.6003094911575317],"time":0.2476646900177002},{"ShiftLock":true,"VVelocity":[-10.027339935302735,0.00015607025125063956,12.468055725097657],"AAnimation":{"Name":"Idle","Weight":0},"CCFrame":[137.46583557128907,-16.693195343017579,-241.26438903808595,-0.7791775465011597,-5.445391693115198e-8,0.6268032789230347,-7.183653139009039e-8,1,-2.4241975093985958e-9,-0.6268032789230347,-4.691625576924707e-8,-0.7791775465011597],"CCameraCFrame":[148.85752868652345,1.6607646942138672,-258.2173767089844,-0.7791775465011597,-0.4013674855232239,0.48144209384918215,0,0.7680912017822266,0.6403404474258423,-0.6268032789230347,0.4989388883113861,-0.5984794497489929],"time":0.2538762092590332},{"ShiftLock":true,"VVelocity":[-10.028285026550293,0.00015607025125063956,12.467296600341797],"AAnimation":{"Name":"Idle","Weight":0},"CCFrame":[137.42405700683595,-16.693195343017579,-241.2124481201172,-0.7786651253700256,-4.8007027686480799e-8,0.6274396777153015,-6.332832214184237e-8,1,-2.079134198140764e-9,-0.6274396777153015,-4.135365472279773e-8,-0.7786651253700256],"CCameraCFrame":[148.7422637939453,1.7473068237304688,-258.04779052734377,-0.77866530418396,-0.40383797883987429,0.4802033603191376,0,0.7653380632400513,0.6436284780502319,-0.627439558506012,0.5011711716651917,-0.5959421396255493],"time":0.2595221996307373},{"ShiftLock":true,"VVelocity":[-10.035001754760743,0.00015607025125063956,12.461888313293457],"AAnimation":{"Name":"Idle","Weight":0},"CCFrame":[137.3822479248047,-16.693195343017579,-241.1605224609375,-0.7781525254249573,-4.156607502636689e-8,0.628075361251831,-5.482165832404462e-8,1,-1.7410903829784275e-9,-0.628075361251831,-3.5786964502904087e-8,-0.7781525254249573],"CCameraCFrame":[148.68807983398438,1.7966232299804688,-257.95428466796877,-0.7781526446342468,-0.40542396903038027,0.4796978235244751,-1.4901162970204497e-8,0.7637585401535034,0.6455021500587463,-0.6280753016471863,0.5022991895675659,-0.5943205952644348],"time":0.264972448348999},{"ShiftLock":true,"VVelocity":[-10.047207832336426,0.00015607025125063956,12.452051162719727],"AAnimation":{"Name":"Idle","Weight":0},"CCFrame":[137.29852294921876,-16.693195343017579,-241.05674743652345,-0.7781525254249573,-2.8755845704608874e-8,0.628075361251831,-3.7813773445805057e-8,1,-1.065218024898229e-9,-0.628075361251831,-2.4578801216534886e-8,-0.7781525254249573],"CCameraCFrame":[148.613525390625,1.8581218719482422,-257.8617858886719,-0.7781525254249573,-0.40689152479171755,0.47845372557640078,0,0.7617775201797485,0.6478387117385864,-0.628075361251831,0.5041173100471497,-0.5927790999412537],"time":0.2718014717102051},{"ShiftLock":true,"VVelocity":[-10.048456192016602,0.00015607025125063956,12.451044082641602],"AAnimation":{"Name":"Idle","Weight":0},"CCFrame":[137.25665283203126,-16.693195343017579,-241.00486755371095,-0.7776389122009277,-2.2332688587312078e-8,0.6287111043930054,-2.9312285931837324e-8,1,-7.343389785141596e-10,-0.6287111043930054,-1.9000012230208087e-8,-0.7776389122009277],"CCameraCFrame":[148.49075317382813,1.956186294555664,-257.68365478515627,-0.7776390910148621,-0.40964579582214358,0.4769359230995178,0,0.7585932612419128,0.6515644788742065,-0.6287110447883606,0.5066820383071899,-0.589911699295044],"time":0.2774345874786377},{"ShiftLock":true,"VVelocity":[-10.055281639099121,0.00015607025125063956,12.445531845092774],"AAnimation":{"Name":"Idle","Weight":0},"CCFrame":[137.21475219726563,-16.693195343017579,-240.95301818847657,-0.7771251201629639,-1.5915473383643076e-8,0.6293461322784424,-2.0812352730104068e-8,1,-4.104722117759252e-10,-0.6293461322784424,-1.3417161603967998e-8,-0.7771251201629639],"CCameraCFrame":[148.43597412109376,2.00506591796875,-257.58990478515627,-0.7771252393722534,-0.41122838854789736,0.4764113128185272,-1.4901162970204497e-8,0.7569942474365234,0.6534216403961182,-0.6293461322784424,0.5077904462814331,-0.5882791876792908],"time":0.2831454277038574},{"ShiftLock":true,"VVelocity":[-10.06753158569336,0.00015607025125063956,12.435622215270996],"AAnimation":{"Name":"Idle","Weight":0},"CCFrame":[137.13087463378907,-16.693195343017579,-240.84938049316407,-0.7771252989768982,-3.1162026292719249e-9,0.6293459534645081,-3.817931304439526e-9,1,2.370587059985496e-10,-0.6293459534645081,-2.2185751014092149e-9,-0.7771252989768982],"CCameraCFrame":[148.3542022705078,2.078187942504883,-257.48883056640627,-0.777125358581543,-0.41297662258148196,0.4748963713645935,1.4901161193847657e-8,0.7545872926712036,0.6561997532844544,-0.6293458938598633,0.5099494457244873,-0.5864088535308838],"time":0.2893850803375244},{"ShiftLock":true,"VVelocity":[-10.068782806396485,0.0000486935896333307,12.434611320495606],"AAnimation":{"Name":"Idle","Weight":0},"CCFrame":[137.08892822265626,-16.693195343017579,-240.79757690429688,-0.7766112089157105,3.2831948271194735e-9,0.6299801468849182,4.676817155768731e-9,1,5.537856839765709e-10,-0.6299801468849182,3.376378288066917e-9,-0.7766112089157105],"CCameraCFrame":[148.24374389648438,2.151073455810547,-257.3266906738281,-0.7766112685203552,-0.4151373505592346,0.4738522171974182,0,0.7521700859069824,0.6589689254760742,-0.6299801468849182,0.5117626786231995,-0.5841437578201294],"time":0.29578065872192385},{"ShiftLock":true,"VVelocity":[-10.078149795532227,-0.000006770899744878989,12.427021980285645],"AAnimation":{"Name":"Idle","Weight":0},"CCFrame":[137.0049591064453,-16.693195343017579,-240.6940155029297,-0.7766110897064209,1.6074261921517065e-8,0.6299803853034973,2.1660865101580386e-8,1,1.1870310290262865e-9,-0.6299803853034973,1.4567781647656375e-8,-0.7766110897064209],"CCameraCFrame":[148.14810180664063,2.247894287109375,-257.20867919921877,-0.7766109704971314,-0.41745495796203616,0.4718121886253357,-1.4901161193847657e-8,0.7489314079284668,0.6626474857330322,-0.6299804449081421,0.5146192908287048,-0.5816283822059631],"time":0.3018155097961426},{"ShiftLock":true,"VVelocity":[-10.079111099243164,-0.000012422303370840382,12.42624282836914],"AAnimation":{"Name":"Idle","Weight":0},"CCFrame":[136.9629669189453,-16.693195343017579,-240.64224243164063,-0.7766110897064209,2.2467746774168519e-8,0.6299803853034973,3.015017213670035e-8,1,1.5035522826778447e-9,-0.6299803853034973,2.016169098340015e-8,-0.7766110897064209],"CCameraCFrame":[148.01690673828126,2.3322582244873049,-257.0469055175781,-0.7766110897064209,-0.41947415471076968,0.4700177311897278,0,0.74608314037323,0.6658527851104736,-0.6299803256988525,0.517108678817749,-0.5794164538383484],"time":0.3087615966796875},{"ShiftLock":true,"VVelocity":[-10.079604148864746,-0.00001532874011900276,12.425843238830567],"AAnimation":{"Name":"Idle","Weight":0},"CCFrame":[136.8789825439453,-16.693195343017579,-240.5386962890625,-0.7766112089157105,3.5250632635097648e-8,0.6299801468849182,4.712334700229803e-8,1,2.1363943947250165e-9,-0.6299801468849182,3.134591963771527e-8,-0.7766112089157105],"CCameraCFrame":[147.9342498779297,2.4043140411376955,-256.94500732421877,-0.7766112685203552,-0.4211987853050232,0.4684727191925049,0,0.7436308860778809,0.6685904264450073,-0.6299802660942078,0.519234836101532,-0.5775120258331299],"time":0.3142740726470947},{"ShiftLock":true,"VVelocity":[-10.079671859741211,-0.30658793449401858,12.425787925720215],"AAnimation":{"Name":"Idle","Weight":0},"CCFrame":[136.7949981689453,-16.697879791259767,-240.43515014648438,-0.7760961055755615,4.8002416264125716e-8,0.630614697933197,6.408976815919232e-8,1,2.755095485085235e-9,-0.630614697933197,4.25541699655696e-8,-0.7760961055755615],"CCameraCFrame":[147.8158721923828,2.4880905151367189,-256.7737731933594,-0.7760961055755615,-0.42363017797470095,0.4671320915222168,0,0.7407567501068115,0.671773374080658,-0.630614697933197,0.5213606953620911,-0.574898362159729],"time":0.321047306060791},{"ShiftLock":true,"VVelocity":[-10.086024284362793,-0.11499027907848358,12.420631408691407],"AAnimation":{"Name":"Idle","Weight":0},"CCFrame":[136.7529754638672,-16.6983585357666,-240.38339233398438,-0.7760961055755615,5.438907635380019e-8,0.630614697933197,7.25702662407457e-8,1,3.0643467763269429e-9,-0.630614697933197,4.814210186054879e-8,-0.7760961055755615],"CCameraCFrame":[147.69082641601563,2.5549488067626955,-256.61968994140627,-0.7760960459709168,-0.4253443479537964,0.46557188034057619,-1.4901162970204497e-8,0.7382825613021851,0.6744915246963501,-0.6306148171424866,0.5234702229499817,-0.5729780793190002],"time":0.3271183967590332},{"ShiftLock":true,"VVelocity":[-10.088407516479493,-0.043141163885593417,12.418696403503418],"AAnimation":{"Name":"Idle","Weight":0},"CCFrame":[136.7109375,-16.698537826538087,-240.33164978027345,-0.775580883026123,6.073504010828401e-8,0.6312482357025147,8.10492011282804e-8,1,3.3666074372717959e-9,-0.6312482357025147,5.377323830657588e-8,-0.775580883026123],"CCameraCFrame":[147.62074279785157,2.625772476196289,-256.5083312988281,-0.775580883026123,-0.42748165130615237,0.4644714593887329,0,0.7357984781265259,0.6772005558013916,-0.6312482357025147,0.5252237915992737,-0.5706712007522583],"time":0.3317093849182129},{"ShiftLock":true,"VVelocity":[-10.098345756530762,-0.006094034761190414,12.410615921020508],"AAnimation":{"Name":"Idle","Weight":0},"CCFrame":[136.6267852783203,-16.69862937927246,-240.22821044921876,-0.775580883026123,7.350154618279703e-8,0.6312482357025147,9.800163525142125e-8,1,3.970942685782575e-9,-0.6312482357025147,6.494314419569491e-8,-0.775580883026123],"CCameraCFrame":[147.5511016845703,2.672992706298828,-256.42266845703127,-0.7755807638168335,-0.42861855030059817,0.4634227156639099,-1.4901161193847657e-8,0.7341369390487671,0.6790014505386353,-0.6312483549118042,0.5266204476356506,-0.5693824887275696],"time":0.3383040428161621},{"ShiftLock":true,"VVelocity":[-10.099363327026368,-0.8235940337181091,12.409788131713868],"AAnimation":{"Name":"Idle","Weight":0},"CCFrame":[136.58470153808595,-16.70206069946289,-240.17649841308595,-0.7755810022354126,7.988276706782927e-8,0.6312480568885803,1.0647514159245475e-7,1,4.273016607214686e-9,-0.6312480568885803,7.052629058534876e-8,-0.7755810022354126],"CCameraCFrame":[147.41151428222657,2.7673797607421877,-256.2511291503906,-0.7755810618400574,-0.43088430166244509,0.4613164961338043,0,0.7308006882667542,0.6825910210609436,-0.6312481164932251,0.5294046401977539,-0.5667950510978699],"time":0.3442089557647705},{"ShiftLock":true,"VVelocity":[-10.099742889404297,-1.6410939693450928,12.409480094909668],"AAnimation":{"Name":"Idle","Weight":0},"CCFrame":[136.54261779785157,-16.708898544311525,-240.12478637695313,-0.7755811810493469,8.626262371080884e-8,0.631247878074646,1.149468289440847e-7,1,4.575024359354529e-9,-0.631247878074646,7.610824326320653e-8,-0.7755811810493469],"CCameraCFrame":[147.3206787109375,2.8462677001953127,-256.1395263671875,-0.7755811214447022,-0.432858407497406,0.4594643712043762,0,0.7278667688369751,0.6857185959815979,-0.631247878074646,0.531830370426178,-0.5645197629928589],"time":0.35080981254577639},{"ShiftLock":true,"VVelocity":[-10.099934577941895,-0.9220025539398193,12.409323692321778],"AAnimation":{"Name":"Idle","Weight":0},"CCFrame":[136.4584503173828,-16.722984313964845,-240.0213623046875,-0.7755814790725708,7.273790458839358e-8,0.6312475204467773,9.689031088555567e-8,1,3.81534137616768e-9,-0.6312475204467773,6.41208757201639e-8,-0.7755814790725708],"CCameraCFrame":[147.2226104736328,2.9330997467041017,-256.01904296875,-0.775581419467926,-0.43510469794273379,0.45733729004859927,1.4901159417490817e-8,0.7244975566864014,0.6892774701118469,-0.6312475204467773,0.5345907807350159,-0.5619068741798401],"time":0.35739803314208987},{"ShiftLock":true,"VVelocity":[-10.099956512451172,-0.1296975165605545,12.409305572509766],"AAnimation":{"Name":"Idle","Weight":0},"CCFrame":[136.37428283691407,-16.724964141845704,-239.91793823242188,-0.7750658988952637,5.9166559651657738e-8,0.6318804621696472,7.884089825438423e-8,1,3.0707179021760568e-9,-0.6318804621696472,5.219802901024195e-8,-0.7750658988952637],"CCameraCFrame":[147.10214233398438,3.0006179809570314,-255.84645080566407,-0.7750658988952637,-0.4374999701976776,0.4559238851070404,2.9802322387695315e-8,0.7215350270271301,0.6923778653144836,-0.6318804025650024,0.5366384983062744,-0.5592371821403503],"time":0.3635127544403076},{"ShiftLock":true,"VVelocity":[-10.106287956237793,-0.9471974968910217,12.40414810180664],"AAnimation":{"Name":"Idle","Weight":0},"CCFrame":[136.33216857910157,-16.728910446166993,-239.8662567138672,-0.7750658988952637,5.240923783844664e-8,0.6318804621696472,6.981908029501938e-8,1,2.698527401534534e-9,-0.6318804621696472,4.6208846526951677e-8,-0.7750658988952637],"CCameraCFrame":[146.96849060058595,3.079904556274414,-255.6823272705078,-0.7750658988952637,-0.43945106863975527,0.4540437161922455,0,0.7185595035552979,0.6954654455184937,-0.631880521774292,0.5390315651893616,-0.5569308996200562],"time":0.36806392669677737},{"ShiftLock":true,"VVelocity":[-10.109553337097168,-0.6618013381958008,12.401488304138184],"AAnimation":{"Name":"Idle","Weight":0},"CCFrame":[136.2479248046875,-16.73902130126953,-239.76290893554688,-0.774549663066864