[{"ShiftLock":false,"VVelocity":[-2.1265122995828279e-10,0.000052076346037210899,1.411422090313863e-10],"AAnimation":{"Name":"Idle","Weight":0},"CCFrame":[181.60403442382813,-16.685197830200197,-191.16281127929688,0.9110716581344605,-6.2504930120610428e-9,-0.41224798560142519,3.983470886481655e-9,1,-6.358467974365567e-9,0.41224798560142519,4.1508418924252059e-9,0.9110716581344605],"CCameraCFrame":[178.535400390625,4.80938720703125,-184.381103515625,0.9110716581344605,0.38634374737739565,-0.14382949471473695,0,0.3488906919956207,0.9371633529663086,0.41224804520606997,-0.8538229465484619,0.31786441802978518],"time":0},{"ShiftLock":true,"VVelocity":[-0.7474499344825745,-1.6349478960037232,-0.9279542565345764],"AAnimation":{"Name":"Idle","Weight":0},"CCFrame":[181.599365234375,-16.695417404174806,-191.16860961914063,0.674569845199585,0.000003232790049878531,-0.7382110357284546,0.000001865835884018452,1,0.000006084203960199375,0.7382110357284546,-0.000005481600965140387,0.674569845199585],"CCameraCFrame":[177.66978454589845,6.641794204711914,-185.78248596191407,0.6239210963249207,0.7496227025985718,-0.2208811193704605,-1.4901162970204497e-8,0.2826419770717621,0.9592254757881165,0.7814874649047852,-0.5984809994697571,0.17634627223014832],"time":0.008310317993164063},{"ShiftLock":true,"VVelocity":[-0.7474499344825745,-1.6349478960037232,-0.9279542565345764],"AAnimation":{"Name":"Idle","Weight":0},"CCFrame":[181.599365234375,-16.695417404174806,-191.16860961914063,0.6200838685035706,0.0000036163000913802536,-0.7845355868339539,0.000001865835884018452,1,0.000006084203960199375,0.7845355868339539,-0.000005236530796537409,0.6200838685035706],"CCameraCFrame":[177.6492919921875,6.63551139831543,-185.81593322753907,0.6200838088989258,0.7526822686195374,-0.22128145396709443,0,0.2820540964603424,0.9593984484672546,0.7845356464385986,-0.5949074625968933,0.17489716410636903],"time":0.010663270950317383},{"ShiftLock":true,"VVelocity":[-3.9381160736083986,-0.2432396411895752,-4.97075891494751],"AAnimation":{"Name":"FallAnim","Weight":0},"CCFrame":[181.5731964111328,-16.699588775634767,-191.20159912109376,0.6432896256446838,0.000003727540843101451,-0.7656229138374329,0.000002113832351824385,1,0.000006644716449955013,0.7656229138374329,-0.000005892875833524158,0.6432896256446838],"CCameraCFrame":[177.65542602539063,6.639440536499023,-185.82745361328126,0.6194419860839844,0.7533040642738342,-0.22096292674541474,0,0.28146621584892275,0.959571123123169,0.7850424647331238,-0.5943986177444458,0.1743519902229309],"time":0.017635345458984376},{"ShiftLock":true,"VVelocity":[-7.123202323913574,0.20349159836769105,-9.01798152923584],"AAnimation":{"Name":"FallAnim","Weight":0},"CCFrame":[181.52047729492188,-16.69853973388672,-191.26832580566407,0.6257069110870361,0.0000022518806872540155,-0.7800582647323608,0.000001376208160763781,1,0.000003990706318290904,0.7800582647323608,-0.000003570535000108066,0.6257069110870361],"CCameraCFrame":[177.62669372558595,6.639188766479492,-185.87838745117188,0.6175153255462647,0.7548946142196655,-0.2209273725748062,1.4901159417490817e-8,0.28087836503982546,0.9597433805465698,0.7865588068962097,-0.5926562547683716,0.17344669997692109],"time":0.023925304412841798},{"ShiftLock":true,"VVelocity":[-8.698033332824707,0.27702224254608157,-11.055418968200684],"AAnimation":{"Name":"FallAnim","Weight":0},"CCFrame":[181.48423767089845,-16.697385787963868,-191.31439208984376,0.6167116165161133,0.0000012355147873677197,-0.7871891260147095,8.323798397213977e-7,1,0.0000022216429442778464,0.7871891260147095,-0.000002025353296630783,0.6167116165161133],"CCameraCFrame":[177.567138671875,6.644145965576172,-185.96624755859376,0.6149419546127319,0.7569625973701477,-0.22102929651737214,-1.4901162970204497e-8,0.2802904546260834,0.9599151611328125,0.788572371006012,-0.5902920961380005,0.17236237227916718],"time":0.030196428298950197},{"ShiftLock":true,"VVelocity":[-9.411178588867188,0.3024269938468933,-12.031509399414063],"AAnimation":{"Name":"FallAnim","Weight":0},"CCFrame":[181.4450225830078,-16.696125030517579,-191.36451721191407,0.6140421628952026,2.411605350971513e-7,-0.789273202419281,2.914630670147744e-7,1,5.323012715052755e-7,0.789273202419281,-5.568994652094261e-7,0.6140421628952026],"CCameraCFrame":[177.52850341796876,6.649202346801758,-186.0302276611328,0.6130079030990601,0.7585422992706299,-0.22098638117313386,0,0.27970242500305178,0.9600867033004761,0.7900768518447876,-0.5885407328605652,0.17145977914333344],"time":0.03569912910461426},{"ShiftLock":true,"VVelocity":[-9.752284049987793,0.28370559215545657,-12.55551528930664],"AAnimation":{"Name":"FallAnim","Weight":0},"CCFrame":[181.3641357421875,-16.69369125366211,-191.4685516357422,0.6126723885536194,-0.0000011597759339565528,-0.7903370261192322,-5.233470687926456e-7,1,-0.0000018731456066234387,0.7903370261192322,0.0000015612450852131588,0.6126723885536194],"CCameraCFrame":[177.4806671142578,6.650463104248047,-186.08682250976563,0.6117163300514221,0.7595028281211853,-0.2212660163640976,0,0.27970218658447268,0.9600867033004761,0.7910773158073425,-0.587300717830658,0.17109835147857667],"time":0.042531490325927737},{"ShiftLock":true,"VVelocity":[-9.774250984191895,0.2598654627799988,-12.61911678314209],"AAnimation":{"Name":"FallAnim","Weight":0},"CCFrame":[181.3234100341797,-16.692607879638673,-191.52113342285157,0.6106280088424683,-0.0000014692748209199636,-0.7919175624847412,-7.317546533158748e-7,1,-0.000002419576048851013,0.7919175624847412,0.0000020569502794387519,0.6106280088424683],"CCameraCFrame":[177.40174865722657,6.656793594360352,-186.20550537109376,0.6104223728179932,0.7605973482131958,-0.22107958793640138,1.4901162970204497e-8,0.2791140675544739,0.960257887840271,0.7920761108398438,-0.5861629247665405,0.1703774780035019],"time":0.048575639724731448},{"ShiftLock":true,"VVelocity":[-9.767791748046875,0.20692044496536256,-12.665639877319336],"AAnimation":{"Name":"FallAnim","Weight":0},"CCFrame":[181.24200439453126,-16.690773010253908,-191.6266326904297,0.6093171834945679,-0.000001363738647341961,-0.7929266095161438,-7.53727931623871e-7,1,-0.00000229907550419739,0.7929266095161438,0.0000019985170638392448,0.6093171834945679],"CCameraCFrame":[177.35243225097657,6.657876968383789,-186.2645721435547,0.6091269850730896,0.7615543007850647,-0.22135788202285767,0,0.2791142463684082,0.960257887840271,0.7930727005004883,-0.5849189758300781,0.17001603543758393],"time":0.05425214767456055},{"ShiftLock":true,"VVelocity":[-9.754181861877442,0.18179550766944886,-12.680355072021485],"AAnimation":{"Name":"FallAnim","Weight":0},"CCFrame":[181.20135498046876,-16.69001579284668,-191.67947387695313,0.6085194945335388,-0.0000010621554338285933,-0.7935389280319214,-6.170249662318383e-7,1,-0.0000018116655837729923,0.7935389280319214,0.000001592067178535217,0.6085194945335388],"CCameraCFrame":[177.2667236328125,6.659711837768555,-186.37332153320313,0.6084786057472229,0.762032151222229,-0.22149671614170075,1.4901162970204497e-8,0.27911418676376345,0.960257887840271,0.793570339679718,-0.5842964053153992,0.16983500123023988],"time":0.05948209762573242},{"ShiftLock":true,"VVelocity":[-9.738265037536621,0.13794901967048646,-12.694764137268067],"AAnimation":{"Name":"WalkAnim","Weight":0},"CCFrame":[181.1201934814453,-16.688779830932618,-191.78524780273438,0.6078674793243408,-4.865589176006324e-7,-0.7940384745597839,-3.156088723699213e-7,1,-8.543757985535194e-7,0.7940384745597839,7.699528623561491e-7,0.6078674793243408],"CCameraCFrame":[177.22178649902345,6.660469055175781,-186.42941284179688,0.607829749584198,0.7625094652175903,-0.22163552045822144,0,0.2791142463684082,0.960257887840271,0.7940673828125,-0.5836732983589172,0.16965393722057343],"time":0.06628775596618653},{"ShiftLock":true,"VVelocity":[-9.730151176452637,0.11952124536037445,-12.701205253601075],"AAnimation":{"Name":"WalkAnim","Weight":0},"CCFrame":[181.07965087890626,-16.688282012939454,-191.83816528320313,0.6065400838851929,-2.7074761987933018e-7,-0.7950529456138611,-1.9139487505981379e-7,1,-4.865540859100292e-7,0.7950529456138611,4.47283611038074e-7,0.6065400838851929],"CCameraCFrame":[177.13204956054688,6.661703109741211,-186.54168701171876,0.6065320372581482,0.763461709022522,-0.2219124436378479,0,0.27911442518234255,0.9602578282356262,0.795059084892273,-0.5824271440505981,0.16929182410240174],"time":0.0718073844909668},{"ShiftLock":true,"VVelocity":[-9.714131355285645,0.10331673920154572,-12.71353816986084],"AAnimation":{"Name":"WalkAnim","Weight":0},"CCFrame":[181.03916931152345,-16.687850952148439,-191.89114379882813,0.6058871150016785,-1.1157189305777138e-7,-0.7955505847930908,-9.552856283789879e-8,1,-2.1299892694059964e-7,0.7955505847930908,2.0505110853719089e-7,0.6058871150016785],"CCameraCFrame":[177.09786987304688,6.666088104248047,-186.60597229003907,0.6058825254440308,0.7640730738639832,-0.2215825319290161,0,0.27852603793144228,0.9604286551475525,0.7955542206764221,-0.5819069147109985,0.16875402629375459],"time":0.07755351066589356},{"ShiftLock":true,"VVelocity":[-9.696937561035157,0.07682885229587555,-12.726704597473145],"AAnimation":{"Name":"WalkAnim","Weight":0},"CCFrame":[180.95834350585938,-16.687158584594728,-191.99717712402345,0.6058868169784546,5.7781342377438708e-8,-0.7955508232116699,1.4753691601754327e-8,1,8.386693650663801e-8,0.7955508232116699,-6.255118023545947e-8,0.6058868169784546],"CCameraCFrame":[177.05738830566407,6.6665191650390629,-186.65895080566407,0.6058825254440308,0.7640730738639832,-0.2215825319290161,0,0.27852603793144228,0.9604286551475525,0.7955542206764221,-0.5819069147109985,0.16875402629375459],"time":0.08380937576293946},{"ShiftLock":true,"VVelocity":[-9.694518089294434,0.05690685287117958,-12.728558540344239],"AAnimation":{"Name":"WalkAnim","Weight":0},"CCFrame":[180.8775634765625,-16.6866455078125,-192.10325622558595,0.6058839559555054,9.398667089044466e-8,-0.7955530285835266,4.6793751096174677e-8,1,1.5377761997115159e-7,0.7955530285835266,-1.3039830548677856e-7,0.6058839559555054],"CCameraCFrame":[176.9765625,6.667211532592773,-186.76498413085938,0.6058825254440308,0.7640730738639832,-0.2215825319290161,0,0.27852603793144228,0.9604286551475525,0.7955542206764221,-0.5819069147109985,0.16875402629375459],"time":0.09111261367797852},{"ShiftLock":true,"VVelocity":[-9.694270133972168,0.048944346606731418,-12.728750228881836],"AAnimation":{"Name":"WalkAnim","Weight":0},"CCFrame":[180.83717346191407,-16.68644142150879,-192.1562957763672,0.6052332520484924,8.652423844068835e-8,-0.7960481643676758,4.629929151178658e-8,1,1.438934305042494e-7,0.7960481643676758,-1.2394555426453736e-7,0.6052332520484924],"CCameraCFrame":[176.8915252685547,6.667726516723633,-186.87432861328126,0.6052328944206238,0.7645478248596191,-0.22172001004219056,-1.4901161193847657e-8,0.27852576971054079,0.9604287147521973,0.7960484623908997,-0.5812830328941345,0.16857297718524934],"time":0.09666776657104492},{"ShiftLock":true,"VVelocity":[-9.687681198120118,0.04208023101091385,-12.733765602111817],"AAnimation":{"Name":"WalkAnim","Weight":0},"CCFrame":[180.79681396484376,-16.68626594543457,-192.2093505859375,0.6045831441879273,7.90579761655863e-8,-0.7965420484542847,4.579689516504004e-8,1,1.3401177056948655e-7,0.7965420484542847,-1.1750040584956878e-7,0.6045831441879273],"CCameraCFrame":[176.84686279296876,6.667930603027344,-186.9306182861328,0.6045830249786377,0.7650219202041626,-0.2218574583530426,0,0.278525710105896,0.9604287147521973,0.7965421080589294,-0.5806589126586914,0.16839191317558289],"time":0.10229015350341797},{"ShiftLock":true,"VVelocity":[-9.687681198120118,52.1824951171875,-12.733765602111817],"AAnimation":{"Name":"JumpAnim","Weight":0},"CCFrame":[180.71609497070313,-16.24800682067871,-192.31546020507813,0.6045833826065064,6.39279349456956e-8,-0.7965418696403503,4.479242576849174e-8,1,1.14254753214027e-7,0.7965418696403503,-1.0475557132849645e-7,0.6045833826065064],"CCameraCFrame":[176.80650329589845,6.6681060791015629,-186.98367309570313,0.6045830249786377,0.7650219202041626,-0.2218574583530426,0,0.278525710105896,0.9604287147521973,0.7965421080589294,-0.5806589126586914,0.16839191317558289],"time":0.11271429061889649},{"ShiftLock":true,"VVelocity":[-9.678709983825684,51.364994049072269,-12.740582466125489],"AAnimation":{"Name":"JumpAnim","Weight":0},"CCFrame":[180.67576599121095,-16.033985137939454,-192.36854553222657,0.6155875325202942,5.6395915493112628e-8,-0.7880685329437256,4.278667020685134e-8,1,1.0498434477312913e-7,0.7880685329437256,-9.834588610146966e-8,0.6155875325202942],"CCameraCFrame":[176.7257843017578,7.106365203857422,-187.08978271484376,0.6045830249786377,0.7650219202041626,-0.2218574583530426,0,0.278525710105896,0.9604287147521973,0.7965421080589294,-0.5806589126586914,0.16839191317558289],"time":0.11446428298950196},{"ShiftLock":true,"VVelocity":[-9.67408561706543,49.7299919128418,-12.744097709655762],"AAnimation":{"Name":"JumpAnim","Weight":0},"CCFrame":[180.5951385498047,-15.616162300109864,-192.47474670410157,0.6426411867141724,4.298713207617766e-8,-0.7661672830581665,3.706871609665541e-8,1,8.719899113884822e-8,0.7661672830581665,-8.44385041887108e-8,0.6426411867141724],"CCameraCFrame":[176.68545532226563,7.32038688659668,-187.1428680419922,0.6045830249786377,0.7650219202041626,-0.2218574583530426,0,0.278525710105896,0.9604287147521973,0.7965421080589294,-0.5806589126586914,0.16839191317558289],"time":0.12066125869750977},{"ShiftLock":true,"VVelocity":[-9.673612594604493,48.91249084472656,-12.744457244873047],"AAnimation":{"Name":"JumpAnim","Weight":0},"CCFrame":[180.55482482910157,-15.412360191345215,-192.52784729003907,0.6277866959571838,3.990382424490235e-8,-0.7783854007720947,3.3776739627455757e-8,1,7.850662342434589e-8,0.7783854007720947,-7.55767359805759e-8,0.6277866959571838],"CCameraCFrame":[176.60482788085938,7.7382097244262699,-187.2490692138672,0.6045830249786377,0.7650219202041626,-0.2218574583530426,0,0.278525710105896,0.9604287147521973,0.7965421080589294,-0.5806589126586914,0.16839191317558289],"time":0.12656521797180177},{"ShiftLock":true,"VVelocity":[-9.673368453979493,47.277488708496097,-12.74464225769043],"AAnimation":{"Name":"JumpAnim","Weight":0},"CCFrame":[180.47422790527345,-15.014974594116211,-192.63404846191407,0.6535905003547669,2.831276546544359e-8,-0.7568483948707581,2.7408294300812487e-8,1,6.107771355345904e-8,0.7568483948707581,-6.066373003932313e-8,0.6535905003547669],"CCameraCFrame":[176.56451416015626,7.942011833190918,-187.3021697998047,0.6045830249786377,0.7650219202041626,-0.2218574583530426,0,0.278525710105896,0.9604287147521973,0.7965421080589294,-0.5806589126586914,0.16839191317558289],"time":0.13328266143798829},{"ShiftLock":true,"VVelocity":[-9.673343658447266,46.45998764038086,-12.744661331176758],"AAnimation":{"Name":"JumpAnim","Weight":0},"CCFrame":[180.43392944335938,-14.821391105651856,-192.68714904785157,0.6301875114440918,2.5459327090970875e-8,-0.7764429450035095,2.41539126477619e-8,1,5.2393829719221688e-8,0.7764429450035095,-5.177207285100849e-8,0.6301875114440918],"CCameraCFrame":[176.48391723632813,8.339397430419922,-187.4083709716797,0.6045830249786377,0.7650219202041626,-0.2218574583530426,0,0.278525710105896,0.9604287147521973,0.7965421080589294,-0.5806589126586914,0.16839191317558289],"time":0.13941407203674317},{"ShiftLock":true,"VVelocity":[-9.673330307006836,44.82498550415039,-12.744670867919922],"AAnimation":{"Name":"JumpAnim","Weight":0},"CCFrame":[180.35333251953126,-14.444443702697754,-192.79335021972657,0.6557455062866211,1.4383060964462402e-8,-0.7549819946289063,1.8153436087686715e-8,1,3.4818175009831978e-8,0.7549819946289063,-3.653737934428136e-8,0.6557455062866211],"CCameraCFrame":[176.44361877441407,8.532980918884278,-187.4614715576172,0.6045830249786377,0.7650219202041626,-0.2218574583530426,0,0.278525710105896,0.9604287147521973,0.7965421080589294,-0.5806589126586914,0.16839191317558289],"time":0.14548373222351075},{"ShiftLock":true,"VVelocity":[-9.67332935333252,44.007484436035159,-12.744671821594239],"AAnimation":{"Name":"JumpAnim","Weight":0},"CCFrame":[180.3130340576172,-14.261078834533692,-192.84645080566407,0.6306628584861755,1.0642704495467115e-8,-0.7760569453239441,1.5129701935734375e-8,1,2.6008974529645458e-8,0.7760569453239441,-2.8144402364205235e-8,0.6306628584861755],"CCameraCFrame":[176.36302185058595,8.909928321838379,-187.5676727294922,0.6045830249786377,0.7650219202041626,-0.2218574583530426,0,0.278525710105896,0.9604287147521973,0.7965421080589294,-0.5806589126586914,0.16839191317558289],"time":0.15186500549316407},{"ShiftLock":true,"VVelocity":[-9.673328399658204,43.18998336791992,-12.744672775268555],"AAnimation":{"Name":"JumpAnim","Weight":0},"CCFrame":[180.27273559570313,-14.081120491027832,-192.89955139160157,0.6307118535041809,5.612674769395198e-9,-0.7760171294212341,1.2190255915811577e-8,1,1.7140362018608358e-8,0.7760171294212341,-2.027047685260186e-8,0.6307118535041809],"CCameraCFrame":[176.32272338867188,9.093293190002442,-187.6207733154297,0.6045830249786377,0.7650219202041626,-0.2218574583530426,0,0.278525710105896,0.9604287147521973,0.7965421080589294,-0.5806589126586914,0.16839191317558289],"time":0.15636301040649415},{"ShiftLock":true,"VVelocity":[-9.673328399658204,41.55498123168945,-12.744672775268555],"AAnimation":{"Name":"JumpAnim","Weight":0},"CCFrame":[180.192138671875,-13.731423377990723,-193.00575256347657,0.6562161445617676,-5.1746908980021548e-9,-0.7545729875564575,6.867059365589512e-9,1,-8.858200839512165e-10,0.7545729875564575,-4.600407610411139e-9,0.6562161445617676],"CCameraCFrame":[176.2824249267578,9.2732515335083,-187.6738739013672,0.6045830249786377,0.7650219202041626,-0.2218574583530426,0,0.278525710105896,0.9604287147521973,0.7965421080589294,-0.5806589126586914,0.16839191317558289],"time":0.1640918254852295},{"ShiftLock":true,"VVelocity":[-9.673328399658204,40.73748016357422,-12.744672775268555],"AAnimation":{"Name":"JumpAnim","Weight":0},"CCFrame":[180.15184020996095,-13.561683654785157,-193.05885314941407,0.630766749382019,-1.03713828636387e-8,-0.7759724855422974,4.18192902529313e-9,1,-9.966282910056634e-9,0.7759724855422974,3.041338292320006e-9,0.630766749382019],"CCameraCFrame":[176.2018280029297,9.62294864654541,-187.7800750732422,0.6045830249786377,0.7650219202041626,-0.2218574583530426,0,0.278525710105896,0.9604287147521973,0.7965421080589294,-0.5806589126586914,0.16839191317558289],"time":0.16936230659484864},{"ShiftLock":true,"VVelocity":[-9.673328399658204,39.10247802734375,-12.744672775268555],"AAnimation":{"Name":"JumpAnim","Weight":0},"CCFrame":[180.0712432861328,-13.232423782348633,-193.16505432128907,0.6562654972076416,-2.1069595845801815e-8,-0.7545300722122192,-6.232473981349074e-10,1,-2.8466210721944664e-8,0.7545300722122192,1.9151650931803489e-8,0.6562654972076416],"CCameraCFrame":[176.16152954101563,9.792688369750977,-187.8331756591797,0.6045830249786377,0.7650219202041626,-0.2218574583530426,0,0.278525710105896,0.9604287147521973,0.7965421080589294,-0.5806589126586914,0.16839191317558289],"time":0.17546653747558595},{"ShiftLock":true,"VVelocity":[-9.673328399658204,38.284976959228519,-12.744672775268555],"AAnimation":{"Name":"JumpAnim","Weight":0},"CCFrame":[180.03094482421876,-13.07290267944336,-193.21815490722657,0.6307776570320129,-2.7418435522008623e-8,-0.7759636044502258,-3.0537701256605489e-9,1,-3.7817088127667378e-8,0.7759636044502258,2.622378936223413e-8,0.6307776570320129],"CCameraCFrame":[176.0809326171875,10.1219482421875,-187.9393768310547,0.6045830249786377,0.7650219202041626,-0.2218574583530426,0,0.278525710105896,0.9604287147521973,0.7965421080589294,-0.5806589126586914,0.16839191317558289],"time":0.18106794357299806},{"ShiftLock":true,"VVelocity":[-9.673328399658204,36.64997482299805,-12.744672775268555],"AAnimation":{"Name":"JumpAnim","Weight":0},"CCFrame":[179.95034790039063,-12.764080047607422,-193.32435607910157,0.6562752723693848,-3.8123197043660187e-8,-0.7545215487480164,-7.338131879919274e-9,1,-5.690895577004085e-8,0.7545215487480164,4.288471799895888e-8,0.6562752723693848],"CCameraCFrame":[176.04063415527345,10.281469345092774,-187.9924774169922,0.6045830249786377,0.7650219202041626,-0.2218574583530426,0,0.278525710105896,0.9604287147521973,0.7965421080589294,-0.5806589126586914,0.16839191317558289],"time":0.18674826622009278},{"ShiftLock":true,"VVelocity":[-9.673328399658204,35.83247375488281,-12.744672775268555],"AAnimation":{"Name":"JumpAnim","Weight":0},"CCFrame":[179.91004943847657,-12.614778518676758,-193.37745666503907,0.6307798624038696,-4.5671242787648228e-8,-0.7759618163108826,-9.512585386062256e-9,1,-6.659037410372548e-8,0.7759618163108826,4.938527453646202e-8,0.6307798624038696],"CCameraCFrame":[175.9600372314453,10.590291976928711,-188.0986785888672,0.6045830249786377,0.7650219202041626,-0.2218574583530426,0,0.278525710105896,0.9604287147521973,0.7965421080589294,-0.5806589126586914,0.16839191317558289],"time":0.19388794898986817},{"ShiftLock":true,"VVelocity":[-9.673328399658204,34.197471618652347,-12.744672775268555],"AAnimation":{"Name":"JumpAnim","Weight":0},"CCFrame":[179.82945251464845,-12.326393127441407,-193.48365783691407,0.6562771797180176,-5.647996204061201e-8,-0.7545198798179627,-1.3268863341409088e-8,1,-8.63966818087647e-8,0.7545198798179627,6.671179164641217e-8,0.6562771797180176],"CCameraCFrame":[175.91973876953126,10.739593505859375,-188.1517791748047,0.6045830249786377,0.7650219202041626,-0.2218574583530426,0,0.278525710105896,0.9604287147521973,0.7965421080589294,-0.5806589126586914,0.16839191317558289],"time":0.19971776008605958},{"ShiftLock":true,"VVelocity":[-9.673328399658204,33.37997055053711,-12.744672775268555],"AAnimation":{"Name":"JumpAnim","Weight":0},"CCFrame":[179.78915405273438,-12.187310218811036,-193.53675842285157,0.6301467418670654,-6.533356611271302e-8,-0.7764760851860046,-1.519155468088229e-8,1,-9.64697832728234e-8,0.7764760851860046,7.258599765691543e-8,0.6301467418670654],"CCameraCFrame":[175.8348846435547,11.027978897094727,-188.26124572753907,0.6039327383041382,0.7654955983161926,-0.22199492156505586,1.4901161193847657e-8,0.27852582931518557,0.9604287147521973,0.7970353364944458,-0.5800343155860901,0.16821084916591645],"time":0.20696210861206056},{"ShiftLock":true,"VVelocity":[-9.664387702941895,31.744970321655275,-12.75145435333252],"AAnimation":{"Name":"JumpAnim","Weight":0},"CCFrame":[179.70860290527345,-11.91936206817627,-193.64300537109376,0.6550447344779968,-7.641096999577712e-8,-0.7555900812149048,-1.8440395876950789e-8,1,-1.1711409797499073e-7,0.7555900812149048,9.064834927130505e-8,0.6550447344779968],"CCameraCFrame":[175.7689666748047,11.159281730651856,-188.30145263671876,0.603281557559967,0.7656964063644409,-0.22307053208351136,0,0.2797023355960846,0.9600868225097656,0.7975282669067383,-0.5792026519775391,0.16873927414417268],"time":0.21194124221801759},{"ShiftLock":true,"VVelocity":[-9.656961441040039,30.927471160888673,-12.75707721710205],"AAnimation":{"Name":"JumpAnim","Weight":0},"CCFrame":[179.66836547851563,-11.790497779846192,-193.6961669921875,0.6288778185844421,-8.65950013917427e-8,-0.7775041460990906,-2.011367428167432e-8,1,-1.2764439816237428e-7,0.7775041460990906,9.59111901011056e-8,0.6288778185844421],"CCameraCFrame":[175.68414306640626,11.427229881286621,-188.41099548339845,0.602630078792572,0.7661691308021545,-0.2232080101966858,0,0.2797020673751831,0.9600868225097656,0.7980206608772278,-0.5785772204399109,0.16855688393115998],"time":0.21751761436462403},{"ShiftLock":true,"VVelocity":[-9.64417552947998,29.29247283935547,-12.76674747467041],"AAnimation":{"Name":"JumpAnim","Weight":0},"CCFrame":[179.58798217773438,-11.542987823486329,-193.8025360107422,0.6538092494010925,-9.800992728514757e-8,-0.7566593885421753,-2.2839083513304105e-8,1,-1.4926442304386e-7,0.7566593885421753,1.1487187379088937e-7,0.6538092494010925],"CCameraCFrame":[175.6289520263672,11.552189826965332,-188.45938110351563,0.6019776463508606,0.7665048241615295,-0.22381551563739777,0,0.280290424823761,0.9599152207374573,0.7985130548477173,-0.5778474807739258,0.1687285304069519],"time":0.2237536907196045},{"ShiftLock":true,"VVelocity":[-9.636341094970704,28.474973678588868,-12.772660255432129],"AAnimation":{"Name":"JumpAnim","Weight":0},"CCFrame":[179.54783630371095,-11.424342155456543,-193.8557586669922,0.6282424330711365,-9.875542161807971e-8,-0.7780176401138306,-1.987528008839945e-8,1,-1.429812357400806e-7,0.7780176401138306,1.0529019789373706e-7,0.6282424330711365],"CCameraCFrame":[175.5378875732422,11.79578971862793,-188.5576934814453,0.6019779443740845,0.7663672566413879,-0.22428496181964875,0,0.2808783948421478,0.9597433805465698,0.7985126972198486,-0.5777443647384644,0.1690826117992401],"time":0.22948217391967774},{"ShiftLock":true,"VVelocity":[-9.633407592773438,27.657474517822267,-12.774874687194825],"AAnimation":{"Name":"JumpAnim","Weight":0},"CCFrame":[179.5076904296875,-11.309103012084961,-193.9089813232422,0.6282429099082947,-9.573252413019873e-8,-0.7780172824859619,-1.697443074988314e-8,1,-1.367535134022546e-7,0.7780172824859619,9.912081821994434e-8,0.6282429099082947],"CCameraCFrame":[175.487060546875,11.910513877868653,-188.6028594970703,0.6019784808158875,0.7662293910980225,-0.22475434839725495,0,0.28146636486053469,0.9595710635185242,0.7985123991966248,-0.5776411294937134,0.16943666338920594],"time":0.2356250286102295},{"ShiftLock":true,"VVelocity":[-9.631900787353516,26.022476196289064,-12.77601146697998],"AAnimation":{"Name":"JumpAnim","Weight":0},"CCFrame":[179.42742919921876,-11.088842391967774,-194.0154571533203,0.6531919240951538,-8.662149753035919e-8,-0.7571923732757568,-1.1552882206444793e-8,1,-1.2436436236384908e-7,0.7571923732757568,8.99815546517857e-8,0.6531919240951538],"CCameraCFrame":[175.442626953125,12.025754928588868,-188.65940856933595,0.6013261675834656,0.7667009234428406,-0.2248924970626831,0,0.28146618604660036,0.959571123123169,0.7990037202835083,-0.577015221118927,0.16925294697284699],"time":0.24184656143188477},{"ShiftLock":true,"VVelocity":[-9.625224113464356,25.20497703552246,-12.781041145324707],"AAnimation":{"Name":"JumpAnim","Weight":0},"CCFrame":[179.3873291015625,-10.983821868896485,-194.06871032714845,0.6276072263717651,-8.65450431319914e-8,-0.7785301208496094,-8.830377318247429e-9,1,-1.182832249924104e-7,0.7785301208496094,8.111012306244447e-8,0.6276072263717651],"CCameraCFrame":[175.36236572265626,12.246015548706055,-188.76588439941407,0.6013261079788208,0.7667009234428406,-0.2248924821615219,0,0.28146612644195559,0.959571123123169,0.7990037202835083,-0.5770151615142822,0.1692529320716858],"time":0.24768495559692384},{"ShiftLock":true,"VVelocity":[-9.621781349182129,23.569978713989259,-12.783635139465332],"AAnimation":{"Name":"JumpAnim","Weight":0},"CCFrame":[179.30714416503907,-10.783998489379883,-194.1752471923828,0.6531919240951538,-7.791929590439395e-8,-0.7571923732757568,-3.760563416221885e-9,1,-1.061495993326389e-7,0.7571923732757568,7.218353204052619e-8,0.6531919240951538],"CCameraCFrame":[175.322265625,12.351036071777344,-188.8191375732422,0.6013261079788208,0.7667009234428406,-0.2248924821615219,0,0.28146612644195559,0.959571123123169,0.7990037202835083,-0.5770151615142822,0.1692529320716858],"time":0.25466275215148928},{"ShiftLock":true,"VVelocity":[-9.621429443359375,22.752479553222658,-12.783900260925293],"AAnimation":{"Name":"JumpAnim","Weight":0},"CCFrame":[179.26705932617188,-10.689196586608887,-194.228515625,0.6276072263717651,-7.722878336835493e-8,-0.7785301208496094,-1.2105376701043725e-9,1,-1.001740628225889e-7,0.7785301208496094,6.381240780228836e-8,0.6276072263717651],"CCameraCFrame":[175.24208068847657,12.550859451293946,-188.92567443847657,0.6013261079788208,0.7667009234428406,-0.2248924821615219,0,0.28146612644195559,0.959571123123169,0.7990037202835083,-0.5770151615142822,0.1692529320716858],"time":0.26080918312072756},{"ShiftLock":true,"VVelocity":[-9.621247291564942,21.117481231689454,-12.784036636352539],"AAnimation":{"Name":"JumpAnim","Weight":0},"CCFrame":[179.1868896484375,-10.509811401367188,-194.33505249023438,0.6531919240951538,-6.910202898779971e-8,-0.7571923732757568,3.52656348567848e-9,1,-8.821866970265546e-8,0.7571923732757568,5.495343557981869e-8,0.6531919240951538],"CCameraCFrame":[175.20199584960938,12.645661354064942,-188.97894287109376,0.6013261079788208,0.7667009234428406,-0.2248924821615219,0,0.28146612644195559,0.959571123123169,0.7990037202835083,-0.5770151615142822,0.1692529320716858],"time":0.26651597023010256},{"ShiftLock":true,"VVelocity":[-9.62122917175293,20.29998207092285,-12.784050941467286],"AAnimation":{"Name":"JumpAnim","Weight":0},"CCFrame":[179.1468048095703,-10.425228118896485,-194.38832092285157,0.6282432675361633,-6.774939009801528e-8,-0.778016984462738,5.908658451403426e-9,1,-8.23083823320303e-8,0.778016984462738,4.7112646228697488e-8,0.6282432675361633],"CCameraCFrame":[175.1154327392578,12.821115493774414,-189.0740966796875,0.6019788980484009,0.7660911679267883,-0.22522370517253877,0,0.28205424547195437,0.9593983888626099,0.7985120415687561,-0.5775375962257385,0.16979070007801057],"time":0.2725503444671631},{"ShiftLock":true,"VVelocity":[-9.630195617675782,18.66498374938965,-12.777297019958496],"AAnimation":{"Name":"JumpAnim","Weight":0},"CCFrame":[179.06655883789063,-10.266280174255371,-194.49481201171876,0.6575115323066711,-5.981204509453164e-8,-0.753444492816925,1.0260781557747123e-8,1,-7.043048810828623e-8,0.753444492816925,3.8577926630978257e-8,0.6575115323066711],"CCameraCFrame":[175.0799102783203,12.897821426391602,-189.09127807617188,0.6058856248855591,0.7629756927490234,-0.22532367706298829,-1.4901161193847657e-8,0.28322944045066836,0.9590522050857544,0.7955517768859863,-0.5810759663581848,0.17160464823246003],"time":0.27867603302001955},{"ShiftLock":true,"VVelocity":[-9.67017936706543,17.847484588623048,-12.747004508972168],"AAnimation":{"Name":"JumpAnim","Weight":0},"CCFrame":[179.02626037597657,-10.191915512084961,-194.5479278564453,0.6396141052246094,-5.752716347728892e-8,-0.7686961889266968,1.2400440674298352e-8,1,-6.451920597783101e-8,0.7686961889266968,3.173522244992455e-8,0.6396141052246094],"CCameraCFrame":[175.0095672607422,13.040909767150879,-189.12535095214845,0.6136538982391357,0.7566935420036316,-0.2254859358072281,1.4901161193847657e-8,0.28557881712913515,0.9583552479743958,0.7895752191543579,-0.588098406791687,0.17524652183055879],"time":0.28505992889404299},{"ShiftLock":true,"VVelocity":[-9.762855529785157,17.029985427856447,-12.675878524780274],"AAnimation":{"Name":"JumpAnim","Weight":0},"CCFrame":[178.98558044433595,-10.120957374572754,-194.60073852539063,0.651465892791748,-5.382248602359141e-8,-0.7586778998374939,1.4397683933964345e-8,1,-5.857938489839398e-8,0.7586778998374939,2.7239268618473035e-8,0.651465892791748],"CCameraCFrame":[175.02183532714845,13.103294372558594,-189.09107971191407,0.6258327960968018,0.747065544128418,-0.2241126000881195,0,0.28733959794044497,0.9578287601470947,0.7799572944641113,-0.5994406342506409,0.1798265427350998],"time":0.28975963592529299},{"ShiftLock":true,"VVelocity":[-9.978102684020996,15.394986152648926,-12.506957054138184],"AAnimation":{"Name":"JumpAnim","Weight":0},"CCFrame":[178.9026641845703,-9.989259719848633,-194.7051544189453,0.6930436491966248,-4.58829738647637e-8,-0.7208956480026245,1.7768932991657495e-8,1,-4.656475738329391e-8,0.7208956480026245,1.946186323209531e-8,0.6930436491966248],"CCameraCFrame":[175.055908203125,13.15412425994873,-189.01080322265626,0.6435061693191528,0.7324842214584351,-0.22218607366085053,0,0.2902719974517822,0.9569441676139832,0.7654409408569336,-0.6157994866371155,0.1867918223142624],"time":0.29657483100891116},{"ShiftLock":true,"VVelocity":[-10.176850318908692,14.577486038208008,-12.344518661499024],"AAnimation":{"Name":"JumpAnim","Weight":0},"CCFrame":[178.86026000976563,-9.928520202636719,-194.756591796875,0.690809428691864,-4.264123631969596e-8,-0.7230368852615356,1.9298306952464374e-8,1,-4.0537052825584399e-8,0.7230368852615356,1.4049991392539596e-8,0.690809428691864],"CCameraCFrame":[175.1039276123047,13.269571304321289,-188.96348571777345,0.6663416624069214,0.7130096554756165,-0.2181880921125412,-1.4901162970204497e-8,0.29261595010757449,0.9562299847602844,0.745646595954895,-0.6371758580207825,0.19498220086097718],"time":0.3021891117095947},{"ShiftLock":true,"VVelocity":[-10.593317031860352,12.942485809326172,-11.988588333129883],"AAnimation":{"Name":"JumpAnim","Weight":0},"CCFrame":[178.77244567871095,-9.817259788513184,-194.85690307617188,0.7424803972244263,-3.495152967047943e-8,-0.6698678135871887,2.151020694896033e-8,1,-2.8334877555380446e-8,0.6698678135871887,6.629094162491356e-9,0.7424803972244263],"CCameraCFrame":[175.2417449951172,13.30569076538086,-188.8089599609375,0.6962308287620544,0.6856223940849304,-0.21256665885448457,1.4901161193847657e-8,0.29612892866134646,0.9551480412483215,0.7178179621696472,-0.6650035381317139,0.2061740756034851],"time":0.30931735038757326},{"ShiftLock":true,"VVelocity":[-10.934802055358887,12.124985694885254,-11.673900604248047],"AAnimation":{"Name":"JumpAnim","Weight":0},"CCFrame":[178.7268829345703,-9.766738891601563,-194.90554809570313,0.7539738416671753,-3.142478632867096e-8,-0.656904399394989,2.2334081251074168e-8,1,-2.220333961133747e-8,0.656904399394989,2.069380888869432e-9,0.7539738416671753],"CCameraCFrame":[175.39614868164063,13.38785457611084,-188.6655731201172,0.7316738963127136,0.6502096056938171,-0.20464783906936646,0,0.30022209882736208,0.9538693428039551,0.6816548109054565,-0.6979212760925293,0.21966467797756196],"time":0.3149724006652832},{"ShiftLock":true,"VVelocity":[-11.575750350952149,10.489985466003418,-11.036735534667969],"AAnimation":{"Name":"JumpAnim","Weight":0},"CCFrame":[178.63133239746095,-9.67591667175293,-194.99842834472657,0.8102527260780335,-2.436328472299465e-8,-0.5860806107521057,2.2924774967236773e-8,1,-9.876496953609149e-9,0.5860806107521057,-5.433308469804388e-9,0.8102527260780335],"CCameraCFrame":[175.64202880859376,13.40463638305664,-188.44961547851563,0.7694315910339356,0.6083172559738159,-0.19474416971206666,0,0.3048931360244751,0.9523866176605225,0.6387293338775635,-0.7327963709831238,0.23459438979625703],"time":0.3207254409790039},{"ShiftLock":true,"VVelocity":[-11.974279403686524,9.6724853515625,-10.593799591064454],"AAnimation":{"Name":"JumpAnim","Weight":0},"CCFrame":[178.58143615722657,-9.635614395141602,-195.04257202148438,0.8304305076599121,-2.1028295549285759e-8,-0.5571222305297852,2.282588518198736e-8,1,-3.720879826474288e-9,0.5571222305297852,-9.626875296930848e-9,0.8304305076599121],"CCameraCFrame":[175.93431091308595,13.46119499206543,-188.2600860595703,0.8114120364189148,0.5557658076286316,-0.1809282749891281,0,0.30955711007118227,0.9508808255195618,0.5844747424125671,-0.7715561389923096,0.2511782944202423],"time":0.32651472091674807},{"ShiftLock":true,"VVelocity":[-12.349786758422852,8.854985237121582,-10.131186485290528],"AAnimation":{"Name":"JumpAnim","Weight":0},"CCFrame":[178.5299835205078,-9.598718643188477,-195.08477783203126,0.8715203404426575,-1.8172421789586225e-8,-0.4903593957424164,2.2196477544866867e-8,1,2.390612374725265e-9,0.4903593957424164,-1.2967718454603983e-8,0.8715203404426575],"CCameraCFrame":[176.37928771972657,13.475461959838868,-188.0457305908203,0.8547028303146362,0.4930252134799957,-0.16250966489315034,-1.4901162970204497e-8,0.3130497932434082,0.9497367143630981,0.5191177725791931,-0.8117426633834839,0.2675645053386688],"time":0.3321235179901123},{"ShiftLock":true,"VVelocity":[-13.04998779296875,7.219985008239746,-9.16693115234375],"AAnimation":{"Name":"JumpAnim","Weight":0},"CCFrame":[178.4226837158203,-9.53514575958252,-195.16317749023438,0.9223462343215942,-1.2530843918057144e-8,-0.3863643705844879,1.9592230060538897e-8,1,1.4338734644070428e-8,0.3863643705844879,-2.079501726370836e-8,0.9223462343215942],"CCameraCFrame":[176.86460876464845,13.47718620300293,-187.83560180664063,0.8945741057395935,0.42376527190208437,-0.14198671281337739,1.4901162970204497e-8,0.31770068407058718,0.9481909871101379,0.4469197392463684,-0.8482270836830139,0.2842067778110504],"time":0.33945298194885256},{"ShiftLock":true,"VVelocity":[-13.682672500610352,5.58498477935791,-8.157089233398438],"AAnimation":{"Name":"JumpAnim","Weight":0},"CCFrame":[178.3099822998047,-9.485198020935059,-195.23324584960938,0.9532937407493591,-7.196766738104543e-9,-0.30204471945762637,1.57422537228058e-8,1,2.5857842089749284e-8,0.30204471945762637,-2.9404983337144587e-8,0.9532937407493591],"CCameraCFrame":[177.37112426757813,13.500575065612793,-187.6831512451172,0.9310672283172607,0.3453011214733124,-0.11781789362430573,7.450580596923828e-9,0.3229234218597412,0.9464250802993774,0.3648478090763092,-0.8811853528022766,0.30066338181495669],"time":0.3455960750579834},{"ShiftLock":true,"VVelocity":[-13.959038734436036,4.767484664916992,-7.6292266845703129],"AAnimation":{"Name":"JumpAnim","Weight":0},"CCFrame":[178.25181579589845,-9.465333938598633,-195.26502990722657,0.9700398445129395,-5.282072557122319e-9,-0.24294596910476685,1.3306022950132501e-8,1,3.138681137215826e-8,0.24294596910476685,-3.367910039742128e-8,0.9700398445129395],"CCameraCFrame":[177.9381866455078,13.509682655334473,-187.5732421875,0.9614090323448181,0.25988975167274477,-0.09027805924415589,7.450580596923828e-9,0.3281368017196655,0.9446302652359009,0.2751232385635376,-0.908176064491272,0.31547364592552187],"time":0.35173630714416506},{"ShiftLock":true,"VVelocity":[-14.199501037597657,3.949984550476074,-7.084070682525635],"AAnimation":{"Name":"JumpAnim","Weight":0},"CCFrame":[178.19265747070313,-9.448875427246094,-195.29454040527345,0.9889175295829773,-4.7579256090557468e-9,-0.14846593141555787,1.0306466791121239e-8,1,3.660314717990332e-8,0.14846593141555787,-3.772765211351725e-8,0.9889175295829773],"CCameraCFrame":[178.60459899902345,13.501955032348633,-187.5271453857422,0.9834233522415161,0.17106470465660096,-0.06012837961316109,0,0.33160656690597536,0.9434177279472351,0.18132445216178895,-0.9277790188789368,0.3261096477508545],"time":0.3573453426361084},{"ShiftLock":true,"VVelocity":[-14.610103607177735,2.3149843215942385,-5.965377330780029],"AAnimation":{"Name":"JumpAnim","Weight":0},"CCFrame":[178.07176208496095,-9.426177978515625,-195.34658813476563,0.999780535697937,-2.1018233820058187e-9,-0.020948518067598344,3.0683815488430356e-9,1,4.6107551554541718e-8,0.020948518067598344,-4.616171267457503e-8,0.999780535697937],"CCameraCFrame":[179.27017211914063,13.495199203491211,-187.55926513671876,0.9961671233177185,0.0824320912361145,-0.029258491471409799,-1.862645371275562e-9,0.33449503779411318,0.9423974752426148,0.08747062087059021,-0.9387853741645813,0.3332129716873169],"time":0.36414265632629397},{"ShiftLock":true,"VVelocity":[-14.776575088500977,1.4974843263626099,-5.3932719230651859],"AAnimation":{"Name":"JumpAnim","Weight":0},"CCFrame":[178.01019287109376,-9.419938087463379,-195.3690643310547,0.9980450868606567,-2.0875201567349679e-9,0.06249777227640152,-1.0623583124313996e-9,1,5.036662287238869e-8,-0.06249777227640152,-5.0334556078723838e-8,0.9980450868606567],"CCameraCFrame":[180.0445556640625,13.50387191772461,-187.75021362304688,0.9995731115341187,-0.027517084032297136,0.00982391182333231,0,0.33622661232948305,0.9417811632156372,-0.029218129813671113,-0.9413791298866272,0.3360830545425415],"time":0.36869287490844729},{"ShiftLock":true,"VVelocity":[-15.018781661987305,-0.13751566410064698,-4.2264790534973148],"AAnimation":{"Name":"JumpAnim","Weight":0},"CCFrame":[177.8855438232422,-9.417677879333496,-195.40670776367188,0.9888063669204712,1.2333637444683632e-9,0.14920440316200257,-1.00055999041615e-8,1,5.804276881349324e-8,-0.14920440316200257,-5.888594145631032e-8,0.9888063669204712],"CCameraCFrame":[180.38943481445313,13.510113716125489,-187.89002990722657,0.9965466856956482,-0.07820120453834534,0.02791869081556797,0,0.33622634410858157,0.941781222820282,-0.0830354243516922,-0.9385289549827576,0.33506518602371