[{"ShiftLock":false,"VVelocity":[0,0.00005204181798035279,0],"AAnimation":{"Name":"Idle","Weight":0},"CCFrame":[168.51222229003907,-16.70329475402832,-170.7340850830078,0.6094192266464233,0,0.7928481698036194,0,1,0,-0.7928481698036194,0,0.6094192266464233],"CCameraCFrame":[187.22976684570313,-2.6813735961914064,-157.1100616455078,0.588489830493927,-0.38464704155921938,0.7111444473266602,0,0.8795799612998962,0.47575122117996218,-0.808504581451416,-0.2799747586250305,0.5176239013671875],"time":0},{"ShiftLock":true,"VVelocity":[-8.135875701904297,0.00005204181798035279,-6.317264556884766],"AAnimation":{"Name":"Idle","Weight":0},"CCFrame":[168.42747497558595,-16.70329475402832,-170.79989624023438,0.618445098400116,-2.6267214181530109e-8,0.7858279943466187,2.9292294811966714e-8,1,1.0373182313117013e-8,-0.7858279943466187,1.660346171661331e-8,0.618445098400116],"CCameraCFrame":[187.68359375,-2.440953254699707,-157.87319946289063,0.618445098400116,-0.3810367286205292,0.687267541885376,2.9802322387695315e-8,0.874577522277832,0.48488563299179079,-0.7858279943466187,-0.2998751103878021,0.5408782362937927],"time":0.018312692642211915},{"ShiftLock":true,"VVelocity":[-12.444960594177246,0.00005204181798035279,-9.791683197021485],"AAnimation":{"Name":"WalkAnim","Weight":0},"CCFrame":[168.23382568359376,-16.70329475402832,-170.95199584960938,0.621009111404419,-5.256607238379729e-8,0.7838033437728882,5.859324403445498e-8,1,2.064182780259216e-8,-0.7838033437728882,3.310681861989906e-8,0.621009111404419],"CCameraCFrame":[187.53831481933595,-2.3986711502075197,-157.8910369873047,0.6210091710090637,-0.38131415843963625,0.6847971677780151,0,0.8736850023269653,0.4864920973777771,-0.783803403377533,-0.3021160662174225,0.5425663590431213],"time":0.03270268440246582},{"ShiftLock":true,"VVelocity":[-12.538955688476563,0.00005204181798035279,-9.933290481567383],"AAnimation":{"Name":"WalkAnim","Weight":0},"CCFrame":[168.02503967285157,-16.70329475402832,-171.1172332763672,0.6216493248939514,-7.881541108645252e-8,0.7832956910133362,8.787750971350761e-8,1,3.087776434540501e-8,-0.7832956910133362,4.96389347404147e-8,0.6216493248939514],"CCameraCFrame":[187.32797241210938,-2.3845863342285158,-158.03240966796876,0.6216493844985962,-0.38148632645606997,0.6841201186180115,0,0.8733869194984436,0.48702719807624819,-0.783295750617981,-0.30276015400886538,0.5429403185844421],"time":0.04987049102783203},{"ShiftLock":true,"VVelocity":[-12.532853126525879,0.00005204181798035279,-9.94612979888916],"AAnimation":{"Name":"WalkAnim","Weight":0},"CCFrame":[167.81614685058595,-16.70329475402832,-171.28298950195313,0.6222890019416809,-9.035550618818888e-8,0.7827876210212708,1.0074924006175934e-7,1,3.5335723680418599e-8,-0.7827876210212708,5.687622461891806e-8,0.6222890019416809],"CCameraCFrame":[187.10862731933595,-2.3845911026000978,-158.18203735351563,0.6222890019416809,-0.38123878836631777,0.6836764216423035,0,0.8733869791030884,0.48702704906463625,-0.7827876806259155,-0.3030715882778168,0.5434990525245667],"time":0.06727170944213867},{"ShiftLock":true,"VVelocity":[-12.524764060974121,0.00005204181798035279,-9.956416130065918],"AAnimation":{"Name":"WalkAnim","Weight":0},"CCFrame":[167.60739135742188,-16.70329475402832,-171.44891357421876,0.6222889423370361,-5.776313471983485e-8,0.7827876210212708,6.444345501677162e-8,1,2.256127196176294e-8,-0.7827876210212708,3.640590762188367e-8,0.6222889423370361],"CCameraCFrame":[186.8997344970703,-2.3845949172973635,-158.34779357910157,0.6222890019416809,-0.3812386393547058,0.6836764216423035,-1.4901162970204497e-8,0.8733869791030884,0.4870268702507019,-0.7827876806259155,-0.3030714690685272,0.5434990525245667],"time":0.08332562446594238},{"ShiftLock":true,"VVelocity":[-12.524603843688965,0.00005204181798035279,-9.956619262695313],"AAnimation":{"Name":"WalkAnim","Weight":0},"CCFrame":[167.39865112304688,-16.70329475402832,-171.6148681640625,0.6222889423370361,-2.5198625408506815e-8,0.7827876210212708,2.816870647848191e-8,1,9.797743061312758e-9,-0.7827876210212708,1.5953087739717377e-8,0.6222889423370361],"CCameraCFrame":[186.69097900390626,-2.3845958709716799,-158.5137176513672,0.6222889423370361,-0.38123857975006106,0.683676540851593,0,0.8733869791030884,0.4870268404483795,-0.7827876210212708,-0.30307140946388247,0.5434991121292114],"time":0.10000014305114746},{"ShiftLock":true,"VVelocity":[-12.524601936340332,0.00005204181798035279,-9.956623077392579],"AAnimation":{"Name":"WalkAnim","Weight":0},"CCFrame":[167.18991088867188,-16.70329475402832,-171.78082275390626,0.6229281425476074,7.325015261017143e-9,0.7822790741920471,-8.085430991400245e-9,1,-2.9252635869170264e-9,-0.7822790741920471,-4.502834549668933e-9,0.6229281425476074],"CCameraCFrame":[186.47166442871095,-2.3845996856689455,-158.66409301757813,0.6229282021522522,-0.3809908330440521,0.6832324266433716,-1.4901162970204497e-8,0.8733871579170227,0.48702672123908999,-0.7822791337966919,-0.3033826947212219,0.5440573692321777],"time":0.11661076545715332},{"ShiftLock":true,"VVelocity":[-12.516626358032227,0.00005204181798035279,-9.96664810180664],"AAnimation":{"Name":"WalkAnim","Weight":0},"CCFrame":[166.9812774658203,-16.70329475402832,-171.94691467285157,0.6229281425476074,3.9833885523421489e-8,0.7822790741920471,-4.430859945614429e-8,1,-1.563740070764652e-8,-0.7822790741920471,-2.4920712604625807e-8,0.6229281425476074],"CCameraCFrame":[186.26292419433595,-2.384601593017578,-158.83004760742188,0.6229281425476074,-0.38099074363708498,0.6832324862480164,0,0.8733871579170227,0.4870266318321228,-0.7822790741920471,-0.30338260531425478,0.5440574288368225],"time":0.13396191596984864},{"ShiftLock":true,"VVelocity":[-12.516468048095704,0.00005204181798035279,-9.966846466064454],"AAnimation":{"Name":"WalkAnim","Weight":0},"CCFrame":[166.7726593017578,-16.70329475402832,-172.11305236816407,0.6242049336433411,7.2355639701982e-8,0.78126060962677,-8.052152367099552e-8,1,-2.8279556474331004e-8,-0.78126060962677,-4.5256058456288886e-8,0.6242049336433411],"CCameraCFrame":[186.0269775390625,-2.37052059173584,-158.96990966796876,0.6242050528526306,-0.3809126913547516,0.6821096539497376,0,0.8730885982513428,0.4875616133213043,-0.78126060962677,-0.3043384253978729,0.5449862480163574],"time":0.1499922275543213},{"ShiftLock":true,"VVelocity":[-12.50049114227295,0.00005204181798035279,-9.9868745803833],"AAnimation":{"Name":"WalkAnim","Weight":0},"CCFrame":[166.5642852783203,-16.70329475402832,-172.27944946289063,0.6261177062988281,8.977450249858521e-8,0.7797285318374634,-9.987596882865546e-8,1,-3.4935727200036129e-8,-0.7797285318374634,-5.600226771207417e-8,0.6261177062988281],"CCameraCFrame":[185.78036499023438,-2.3564453125,-159.09434509277345,0.6261177659034729,-0.3805827498435974,0.6805390119552612,-1.4901162970204497e-8,0.872789740562439,0.4880963861942291,-0.7797286510467529,-0.30560582876205447,0.5464690923690796],"time":0.16687631607055665},{"ShiftLock":true,"VVelocity":[-12.476146697998047,0.00005204181798035279,-10.017269134521485],"AAnimation":{"Name":"WalkAnim","Weight":0},"CCFrame":[166.35629272460938,-16.70329475402832,-172.44631958007813,0.62802654504776,6.178875366913417e-8,0.7781919240951538,-6.863353263497629e-8,1,-2.401088039505339e-8,-0.7781919240951538,-3.833059025737384e-8,0.62802654504776],"CCameraCFrame":[185.5400390625,-2.356447219848633,-159.2141876220703,0.6280266046524048,-0.37983259558677676,0.6791979670524597,-1.4901161193847657e-8,0.8727898597717285,0.48809629678726199,-0.7781919240951538,-0.3065374493598938,0.5481351613998413],"time":0.18378353118896485},{"ShiftLock":true,"VVelocity":[-12.451566696166993,0.00005204181798035279,-10.047808647155762],"AAnimation":{"Name":"WalkAnim","Weight":0},"CCFrame":[166.14871215820313,-16.70329475402832,-172.6137237548828,0.631833016872406,3.3877203264864877e-8,0.7751045227050781,-3.736467490966788e-8,1,-1.3248493857531685e-8,-0.7751045227050781,-2.0590693594613186e-8,0.631833016872406],"CCameraCFrame":[185.2433319091797,-2.3001956939697267,-159.3081512451172,0.631833016872406,-0.37998220324516299,0.6755742430686951,0,0.8715910911560059,0.49023351073265078,-0.7751045227050781,-0.309745728969574,0.5507000684738159],"time":0.19942927360534669},{"ShiftLock":true,"VVelocity":[-12.40265941619873,0.00005204181798035279,-10.108111381530762],"AAnimation":{"Name":"WalkAnim","Weight":0},"CCFrame":[165.94189453125,-16.70329475402832,-172.7820587158203,0.6381431818008423,5.969620353596383e-9,0.7699176669120789,-6.035765220957501e-9,1,-2.750862870826154e-9,-0.7699176669120789,-2.8915978500521079e-9,0.6381431818008423],"CCameraCFrame":[184.8911590576172,-2.2159624099731447,-159.35208129882813,0.6381432414054871,-0.3799034655094147,0.6696615219116211,-1.4901162970204497e-8,0.869783341884613,0.4934338331222534,-0.7699177265167236,-0.31488147377967837,0.5550463199615479],"time":0.21830272674560548},{"ShiftLock":true,"VVelocity":[-12.320343971252442,0.00005204181798035279,-10.208271026611329],"AAnimation":{"Name":"WalkAnim","Weight":0},"CCFrame":[165.73638916015626,-16.70329475402832,-172.95199584960938,0.6481504440307617,-2.2043739278387876e-8,0.761512279510498,2.540075172419165e-8,1,7.3278263457154939e-9,-0.761512279510498,1.4593450892164128e-8,0.6481504440307617],"CCameraCFrame":[184.44851684570313,-2.075958251953125,-159.32846069335938,0.6481505036354065,-0.3798065781593323,0.6600363254547119,1.4901161193847657e-8,0.8667441606521606,0.49875307083129885,-0.761512279510498,-0.32326704263687136,0.5617806315422058],"time":0.23354196548461915},{"ShiftLock":true,"VVelocity":[-12.186888694763184,0.00005204181798035279,-10.36720085144043],"AAnimation":{"Name":"WalkAnim","Weight":0},"CCFrame":[165.53298950195313,-16.70329475402832,-173.1244354248047,0.6598901152610779,-5.029422567304209e-8,0.7513620853424072,5.6962896621826079e-8,1,1.6909252664731868e-8,-0.7513620853424072,3.164151252121883e-8,0.6598901152610779],"CCameraCFrame":[183.95904541015626,-1.9086132049560547,-159.2769012451172,0.6598901152610779,-0.3795213997364044,0.6484662890434265,1.4901162970204497e-8,0.8630542755126953,0.5051110982894898,-0.7513622045516968,-0.3333178162574768,0.5695209503173828],"time":0.24986958503723145},{"ShiftLock":true,"VVelocity":[-12.02505874633789,0.00005204181798035279,-10.554464340209961],"AAnimation":{"Name":"WalkAnim","Weight":0},"CCFrame":[165.33221435546876,-16.70329475402832,-173.29994201660157,0.6720759868621826,-7.880709773644412e-8,0.7404821515083313,8.865021783321936e-8,1,2.5966068406546584e-8,-0.7404821515083313,4.8192735135899059e-8,0.6720759868621826],"CCameraCFrame":[183.4508819580078,-1.728128433227539,-159.22512817382813,0.6720759868621826,-0.3791034519672394,0.6360774636268616,-1.4901161193847657e-8,0.8590044379234314,0.5119683146476746,-0.7404822707176209,-0.3440816104412079,0.577316164970398],"time":0.26721930503845217},{"ShiftLock":true,"VVelocity":[-11.851221084594727,-0.00003708888471010141,-10.749284744262696],"AAnimation":{"Name":"WalkAnim","Weight":0},"CCFrame":[165.1343231201172,-16.70329475402832,-173.47866821289063,0.684082567691803,-9.24263829915617e-8,0.729404628276825,1.0346893475343677e-7,1,2.9675014445729177e-8,-0.729404628276825,5.517055967629858e-8,0.684082567691803],"CCameraCFrame":[182.9296417236328,-1.5209388732910157,-159.19515991210938,0.684082567691803,-0.3791738450527191,0.6231037378311157,0,0.8542635440826416,0.5198401808738709,-0.729404628276825,-0.3556136190891266,0.5843867659568787],"time":0.28404879570007326},{"ShiftLock":true,"VVelocity":[-11.674047470092774,-0.000038542100810445848,-10.941444396972657],"AAnimation":{"Name":"WalkAnim","Weight":0},"CCFrame":[164.9393768310547,-16.70329475402832,-173.66061401367188,0.6935566663742065,-6.058185419988149e-8,0.7204020619392395,6.720399170490055e-8,1,1.9394828854046865e-8,-0.7204020619392395,3.496248268675117e-8,0.6935566663742065],"CCameraCFrame":[182.4485321044922,-1.3012123107910157,-159.23887634277345,0.6935566663742065,-0.38050800561904909,0.6117130517959595,0,0.8491272926330566,0.5281883478164673,-0.7204021215438843,-0.36632853746414187,0.5889179110527039],"time":0.2998218536376953},{"ShiftLock":true,"VVelocity":[-11.529352188110352,-0.00007584136619698256,-11.093832015991211],"AAnimation":{"Name":"WalkAnim","Weight":0},"CCFrame":[164.7469024658203,-16.70329475402832,-173.8451690673828,0.7011672854423523,-2.841986201929103e-8,0.7129968404769898,3.086302413635167e-8,1,9.508766218857545e-9,-0.7129968404769898,1.5338001091436128e-8,0.7011672854423523],"CCameraCFrame":[181.9849395751953,-1.042022705078125,-159.35227966308595,0.7011672258377075,-0.3836178779602051,0.6010007262229919,1.4901161193847657e-8,0.8429219722747803,0.5380358695983887,-0.7129968404769898,-0.37725311517715456,0.5910292863845825],"time":0.31685900688171389},{"ShiftLock":true,"VVelocity":[-11.41034984588623,-0.9197872877120972,-11.216206550598145],"AAnimation":{"Name":"WalkAnim","Weight":0},"CCFrame":[164.55645751953126,-16.72756576538086,-174.0318603515625,0.7081220149993897,3.933204428818726e-9,0.7060900926589966,-5.5419726585625998e-9,1,-1.2479362161699204e-11,-0.7060900926589966,-3.904295109435907e-9,0.7081220149993897],"CCameraCFrame":[181.52772521972657,-0.7712640762329102,-159.49449157714845,0.7081220149993897,-0.3871653974056244,0.5904796719551086,0,0.8362667560577393,0.5483229160308838,-0.7060901522636414,-0.388279527425766,0.5921788811683655],"time":0.3336026668548584},{"ShiftLock":true,"VVelocity":[-11.299674034118653,-0.018300559371709825,-11.327702522277832],"AAnimation":{"Name":"WalkAnim","Weight":0},"CCFrame":[164.3678741455078,-16.729822158813478,-174.22039794921876,0.7138654589653015,3.643922497076346e-8,0.700282871723175,-4.199234737711777e-8,1,-9.228183550646918e-9,-0.700282871723175,-2.28188401507623e-8,0.7138654589653015],"CCameraCFrame":[181.06292724609376,-0.4601402282714844,-159.7042236328125,0.7138655781745911,-0.39290469884872439,0.5796740055084229,0,0.8277713060379028,0.5610657334327698,-0.7002828121185303,-0.4005255103111267,0.5909174084663391],"time":0.35035228729248049},{"ShiftLock":true,"VVelocity":[-11.206406593322754,-0.04421831667423248,-11.419986724853516],"AAnimation":{"Name":"WalkAnim","Weight":0},"CCFrame":[164.180908203125,-16.735286712646486,-174.4105224609375,0.7178577780723572,6.901560567484921e-8,0.6961897611618042,-7.846361427255033e-8,1,-1.8227625631084267e-8,-0.6961897611618042,-4.154072286155497e-8,0.7178577780723572],"CCameraCFrame":[180.6457977294922,-0.156890869140625,-159.9495391845703,0.7178577780723572,-0.3986890912055969,0.5707252025604248,-1.4901162970204497e-8,0.8197839260101318,0.572672963142395,-0.696189820766449,-0.4110977351665497,0.5884882211685181],"time":0.36592698097229006},{"ShiftLock":true,"VVelocity":[-11.140369415283204,-0.23630163073539735,-11.484423637390137],"AAnimation":{"Name":"WalkAnim","Weight":0},"CCFrame":[163.99508666992188,-16.749481201171876,-174.60179138183595,0.7212610244750977,1.0163713426436516e-7,0.6926633715629578,-1.1494734053485445e-7,1,-2.704068791103964e-8,-0.6926633715629578,-6.01164202862492e-8,0.7212610244750977],"CCameraCFrame":[180.2401123046875,0.1401538848876953,-160.2147674560547,0.7212609648704529,-0.4046306610107422,0.5621891021728516,1.4901162970204497e-8,0.8116339445114136,0.5841663479804993,-0.6926634311676025,-0.4213363826274872,0.585399866104126],"time":0.3825690746307373},{"ShiftLock":true,"VVelocity":[-11.140369415283204,50.54749298095703,-11.484423637390137],"AAnimation":{"Name":"JumpAnim","Weight":0},"CCFrame":[163.80941772460938,-15.88658618927002,-174.79319763183595,0.7240838408470154,1.3427286660316896e-7,0.6897119283676148,-1.5143552900553915e-7,1,-3.569726914065541e-8,-0.6897119283676148,-7.8599079245123e-8,0.7240838408470154],"CCameraCFrame":[179.81211853027345,0.4901142120361328,-160.5338134765625,0.7240839600563049,-0.4124490022659302,0.5528004169464111,1.4901161193847657e-8,0.8014947175979614,0.5980018377304077,-0.6897119283676148,-0.4330035448074341,0.5803494453430176],"time":0.4002060890197754},{"ShiftLock":true,"VVelocity":[-11.037466049194336,47.277488708496097,-11.58334732055664],"AAnimation":{"Name":"JumpAnim","Weight":0},"CCFrame":[163.625244140625,-15.078189849853516,-174.9860382080078,0.7266362309455872,1.0674961714585152e-7,0.6870223879814148,-1.2014284322958702e-7,1,-2.830980250223547e-8,-0.6870223879814148,-6.196989943418885e-8,0.7266362309455872],"CCameraCFrame":[179.39486694335938,1.687006950378418,-160.84490966796876,0.7268944382667542,-0.4193919897079468,0.5438151359558106,0,0.7918686270713806,0.6106915473937988,-0.686749279499054,-0.44390830397605898,0.5756048560142517],"time":0.4161965847015381},{"ShiftLock":true,"VVelocity":[-10.98896598815918,44.007484436035159,-11.629382133483887],"AAnimation":{"Name":"JumpAnim","Weight":0},"CCFrame":[163.44198608398438,-14.324294090270996,-175.1797637939453,0.7303481698036194,7.930550083301569e-8,0.6830750703811646,-8.882883406613473e-8,1,-2.1124353821733167e-8,-0.6830750703811646,-4.524862973198651e-8,0.7303481698036194],"CCameraCFrame":[178.95413208007813,2.8253231048583986,-161.1378936767578,0.730809211730957,-0.42540302872657778,0.5338072776794434,0,0.7820414900779724,0.6232264041900635,-0.6825818419456482,-0.4554595947265625,0.5715230703353882],"time":0.4337296485900879},{"ShiftLock":true,"VVelocity":[-10.922647476196289,40.73748016357422,-11.691689491271973],"AAnimation":{"Name":"JumpAnim","Weight":0},"CCFrame":[163.25979614257813,-13.624898910522461,-175.37449645996095,0.7346928119659424,5.1833069392159817e-8,0.678399920463562,-5.7494069949370899e-8,1,-1.4140021598052499e-8,-0.678399920463562,-2.8615398051101694e-8,0.7346928119659424],"CCameraCFrame":[178.45944213867188,3.9795541763305666,-161.47108459472657,0.7352537512779236,-0.4327271282672882,0.5216792225837708,-2.980232594040899e-8,0.76967453956604,0.638436496257782,-0.6777920126914978,-0.4694128632545471,0.5659059882164002],"time":0.44973039627075198},{"ShiftLock":true,"VVelocity":[-10.846214294433594,37.46747589111328,-11.762627601623536],"AAnimation":{"Name":"JumpAnim","Weight":0},"CCFrame":[163.07887268066407,-12.980003356933594,-175.5703887939453,0.7400822639465332,2.431479906306322e-8,0.6725163459777832,-2.612977922922255e-8,1,-7.39998595733482e-9,-0.6725163459777832,-1.2096105450609685e-8,0.7400822639465332],"CCameraCFrame":[177.96209716796876,5.0361785888671879,-161.76710510253907,0.7407652735710144,-0.43799611926078799,0.5093390345573425,0,0.7582113742828369,0.6520088911056519,-0.6717640161514282,-0.48298555612564089,0.5616565942764282],"time":0.4663422107696533},{"ShiftLock":true,"VVelocity":[-10.750161170959473,34.197471618652347,-11.850472450256348],"AAnimation":{"Name":"JumpAnim","Weight":0},"CCFrame":[162.8994903564453,-12.389608383178711,-175.7677001953125,0.7455081939697266,-3.3259752729719595e-9,0.6664964556694031,5.2601896172177479e-9,1,-8.935372441953859e-10,-0.6664964556694031,4.1720369381437198e-9,0.7455081939697266],"CCameraCFrame":[177.4501953125,6.056949615478516,-162.0892333984375,0.7462277412414551,-0.44354289770126345,0.49640098214149477,1.4901161193847657e-8,0.7456930875778198,0.6662896871566773,-0.6656907796859741,-0.49720385670661929,0.5564568042755127],"time":0.4849429130554199},{"ShiftLock":true,"VVelocity":[-10.6530122756958,30.927471160888673,-11.93787956237793],"AAnimation":{"Name":"JumpAnim","Weight":0},"CCFrame":[162.7217254638672,-11.853713035583496,-175.9664764404297,0.7514119744300842,-3.10961461025272e-8,0.6598333716392517,3.667843628818446e-8,1,5.3582147607755818e-9,-0.6598333716392517,2.017542932719607e-8,0.7514119744300842],"CCameraCFrame":[176.92010498046876,7.0287017822265629,-162.41937255859376,0.7521787285804749,-0.44860541820526125,0.48268038034439089,-2.9802322387695315e-8,0.7324890494346619,0.6807788014411926,-0.6589592099189758,-0.5120673179626465,0.5509626269340515],"time":0.4998962879180908},{"ShiftLock":true,"VVelocity":[-10.545516014099121,27.657474517822267,-12.032940864562989],"AAnimation":{"Name":"JumpAnim","Weight":0},"CCFrame":[162.5457305908203,-11.372318267822266,-176.1668243408203,0.7563206553459168,-5.897285149103482e-8,0.654201090335846,6.81142537928281e-8,1,1.139807626060474e-8,-0.654201090335846,3.5939816456220799e-8,0.7563206553459168],"CCameraCFrame":[176.44845581054688,7.881024360656738,-162.74179077148438,0.757002592086792,-0.45268434286117556,0.47119417786598208,0,0.7211288213729858,0.6928009390830994,-0.653411865234375,-0.5244520902633667,0.5458964109420776],"time":0.516376256942749},{"ShiftLock":true,"VVelocity":[-10.456387519836426,24.38747787475586,-12.110477447509766],"AAnimation":{"Name":"JumpAnim","Weight":0},"CCFrame":[162.37127685546876,-10.945422172546387,-176.3684844970703,0.7606646418571472,-8.69271872261379e-8,0.6491450071334839,9.956232105423624e-8,1,1.7243674932387877e-8,-0.6491450071334839,5.151373017042715e-8,0.7606646418571472],"CCameraCFrame":[176.03262329101563,8.605079650878907,-163.03248596191407,0.7612562775611877,-0.45522603392601015,0.46179893612861636,0,0.7121568918228149,0.7020204663276672,-0.6484512090682983,-0.5344175100326538,0.5421338677406311],"time":0.5335366725921631},{"ShiftLock":true,"VVelocity":[-10.376823425292969,21.117481231689454,-12.178723335266114],"AAnimation":{"Name":"JumpAnim","Weight":0},"CCFrame":[162.1981658935547,-10.573026657104493,-176.57131958007813,0.7653910517692566,-1.1501126095936343e-7,0.6435654759407044,1.3102336993142672e-7,1,2.2883677175400409e-8,-0.6435654759407044,6.680716069240589e-8,0.7653910517692566],"CCameraCFrame":[175.5926971435547,9.294236183166504,-163.33619689941407,0.7660025954246521,-0.45769044756889346,0.4513973295688629,1.4901161193847657e-8,0.7021950483322144,0.7119846343994141,-0.6428375244140625,-0.5453820824623108,0.5378832221031189],"time":0.5504021644592285},{"ShiftLock":true,"VVelocity":[-10.287208557128907,17.847484588623048,-12.254512786865235],"AAnimation":{"Name":"JumpAnim","Weight":0},"CCFrame":[162.02651977539063,-10.255130767822266,-176.77540588378907,0.7691380381584168,-1.430933167512194e-7,0.6390827298164368,1.6249124712430786e-7,1,2.8345510827421095e-8,-0.6390827298164368,8.20437335846691e-8,0.7691380381584168],"CCameraCFrame":[175.20480346679688,9.880474090576172,-163.63247680664063,0.7696655988693237,-0.45975184440612795,0.4429934024810791,2.9802322387695315e-8,0.693860650062561,0.7201092839241028,-0.6384472846984863,-0.5542433261871338,0.5340406894683838],"time":0.5674519538879395},{"ShiftLock":true,"VVelocity":[-10.21657943725586,14.577486038208008,-12.313460350036621],"AAnimation":{"Name":"JumpAnim","Weight":0},"CCFrame":[161.85609436035157,-9.991735458374024,-176.98049926757813,0.7737556099891663,-1.099656898873036e-7,0.6334841847419739,1.2444191099802993e-7,1,2.1591800347664504e-8,-0.6334841847419739,6.212520275994393e-8,0.7737556099891663],"CCameraCFrame":[174.78988647460938,10.420700073242188,-163.92218017578126,0.7743379473686218,-0.46101024746894839,0.43344008922576907,-2.9802322387695315e-8,0.684985876083374,0.7285563349723816,-0.6327723264694214,-0.5641488432884216,0.5304105281829834],"time":0.584043025970459},{"ShiftLock":true,"VVelocity":[-10.126179695129395,11.307485580444336,-12.387904167175293],"AAnimation":{"Name":"JumpAnim","Weight":0},"CCFrame":[161.6871337890625,-9.78283977508545,-177.18679809570313,0.7760249376296997,-7.645964927860405e-8,0.6307022571563721,8.641040238899223e-8,1,1.490881729182547e-8,-0.6307022571563721,4.2929620747145239e-8,0.7760249376296997],"CCameraCFrame":[174.48825073242188,10.816116333007813,-164.1954803466797,0.7764012217521668,-0.46232593059539797,0.428317666053772,0,0.6796114444732666,0.7335723042488098,-0.6302390694618225,-0.5695464611053467,0.5276510715484619],"time":0.6002795696258545},{"ShiftLock":true,"VVelocity":[-10.084661483764649,8.037485122680664,-12.421735763549805],"AAnimation":{"Name":"JumpAnim","Weight":0},"CCFrame":[161.5189666748047,-9.62844467163086,-177.39376831054688,0.7772384881973267,-4.2818491863272359e-8,0.629206120967865,4.840478595724562e-8,1,8.25871104837006e-9,-0.629206120967865,2.403760035463165e-8,0.7772384881973267],"CCameraCFrame":[174.26113891601563,11.07971477508545,-164.4272003173828,0.7774295806884766,-0.462702214717865,0.42603984475135805,0,0.6773611307144165,0.7356505990028381,-0.6289700865745544,-0.5719165205955505,0.5266005396842957],"time":0.616652250289917},{"ShiftLock":true,"VVelocity":[-10.063936233520508,4.767484664916992,-12.438531875610352],"AAnimation":{"Name":"JumpAnim","Weight":0},"CCFrame":[161.3511962890625,-9.528549194335938,-177.60104370117188,0.7773811221122742,-9.117738564157208e-9,0.6290298700332642,1.0433117481056798e-8,1,1.6012433601275689e-9,-0.6290298700332642,5.3179665115976608e-9,0.7773811221122742],"CCameraCFrame":[174.07057189941407,11.266839981079102,-164.66184997558595,0.7774296998977661,-0.4634841978549957,0.42518869042396548,1.4901159417490817e-8,0.6760081052780151,0.7368941903114319,-0.6289697885513306,-0.5728834271430969,0.5255488157272339],"time":0.6332221031188965},{"ShiftLock":true,"VVelocity":[-10.06352424621582,1.4974843263626099,-12.43886947631836],"AAnimation":{"Name":"JumpAnim","Weight":0},"CCFrame":[161.1834716796875,-9.483153343200684,-177.80838012695313,0.7774240374565125,2.456113001869653e-8,0.6289768218994141,-2.750608096846463e-8,1,-5.051445040038516e-9,-0.6289768218994141,-1.3373572471664375e-8,0.7774240374565125],"CCameraCFrame":[173.90280151367188,11.366735458374024,-164.86912536621095,0.7774297595024109,-0.4634841978549957,0.42518875002861025,1.4901161193847657e-8,0.6760082244873047,0.7368941307067871,-0.6289698481559753,-0.5728834271430969,0.5255488753318787],"time":0.6494631767272949},{"ShiftLock":true,"VVelocity":[-10.063514709472657,-1.7725156545639039,-12.438874244689942],"AAnimation":{"Name":"JumpAnim","Weight":0},"CCFrame":[161.0157470703125,-9.492258071899414,-178.01571655273438,0.7774290442466736,5.8211757192339067e-8,0.6289706230163574,-6.541291242001535e-8,1,-1.169825658564605e-8,-0.6289706230163574,-3.204823428859527e-8,0.7774290442466736],"CCameraCFrame":[173.73507690429688,11.412131309509278,-165.0764617919922,0.7774297595024109,-0.4634841978549957,0.42518875002861025,1.4901161193847657e-8,0.6760082244873047,0.7368941307067871,-0.6289698481559753,-0.5728834271430969,0.5255488753318787],"time":0.6670410633087158},{"ShiftLock":true,"VVelocity":[-10.063514709472657,-5.042515754699707,-12.438874244689942],"AAnimation":{"Name":"JumpAnim","Weight":0},"CCFrame":[160.8480224609375,-9.555862426757813,-178.22305297851563,0.7774296402931213,9.183354876540761e-8,0.6289699077606201,-1.0328736266274064e-7,1,-1.833933716000047e-8,-0.6289699077606201,-5.0707100740510216e-8,0.7774296402931213],"CCameraCFrame":[173.56735229492188,11.403026580810547,-165.28379821777345,0.7774297595024109,-0.4634841978549957,0.42518875002861025,1.4901161193847657e-8,0.6760082244873047,0.7368941307067871,-0.6289698481559753,-0.5728834271430969,0.5255488753318787],"time":0.683035135269165},{"ShiftLock":true,"VVelocity":[-10.063514709472657,-8.312516212463379,-12.438874244689942],"AAnimation":{"Name":"JumpAnim","Weight":0},"CCFrame":[160.6802978515625,-9.673967361450196,-178.43038940429688,0.7774296998977661,1.2542656691039157e-7,0.6289697885513306,-1.4112943347299734e-7,1,-2.497472095797093e-8,-0.6289697885513306,-6.935006524599885e-8,0.7774296998977661],"CCameraCFrame":[173.39962768554688,11.339422225952149,-165.4911346435547,0.7774297595024109,-0.4634841978549957,0.42518875002861025,1.4901161193847657e-8,0.6760082244873047,0.7368941307067871,-0.6289698481559753,-0.5728834271430969,0.5255488753318787],"time":0.6995382308959961},{"ShiftLock":true,"VVelocity":[-10.063516616821289,-11.58251667022705,-12.438874244689942],"AAnimation":{"Name":"JumpAnim","Weight":0},"CCFrame":[160.5125732421875,-9.846571922302246,-178.63772583007813,0.7774296998977661,1.2731129572784995e-7,0.6289697885513306,-1.432806584489299e-7,1,-2.531225717916641e-8,-0.6289697885513306,-7.044070571282646e-8,0.7774296998977661],"CCameraCFrame":[173.23190307617188,11.221317291259766,-165.69847106933595,0.7774297595024109,-0.4634841978549957,0.42518875002861025,1.4901161193847657e-8,0.6760082244873047,0.7368941307067871,-0.6289698481559753,-0.5728834271430969,0.5255488753318787],"time":0.716665506362915},{"ShiftLock":true,"VVelocity":[-10.063516616821289,-14.852517127990723,-12.438874244689942],"AAnimation":{"Name":"JumpAnim","Weight":0},"CCFrame":[160.3448486328125,-10.073677062988282,-178.84506225585938,0.7774296998977661,9.752842089483238e-8,0.6289697885513306,-1.0978681785900335e-7,1,-1.936003890534721e-8,-0.6289697885513306,-5.400152502943456e-8,0.7774296998977661],"CCameraCFrame":[173.06417846679688,11.048712730407715,-165.9058074951172,0.7774297595024109,-0.4634841978549957,0.42518875002861025,1.4901161193847657e-8,0.6760082244873047,0.7368941307067871,-0.6289698481559753,-0.5728834271430969,0.5255488753318787],"time":0.7331788539886475},{"ShiftLock":true,"VVelocity":[-10.063516616821289,-18.122514724731447,-12.438874244689942],"AAnimation":{"Name":"JumpAnim","Weight":0},"CCFrame":[160.1771240234375,-10.355280876159668,-179.05239868164063,0.7778958678245544,6.781505845765423e-8,0.6283931732177734,-7.631563647692019e-8,1,-1.3446105562309186e-8,-0.6283931732177734,-3.7496555194138639e-8,0.7778958678245544],"CCameraCFrame":[172.93077087402345,10.756074905395508,-166.0475311279297,0.7779431343078613,-0.46145179867744448,0.4264584183692932,1.4901162970204497e-8,0.6787121891975403,0.7344043850898743,-0.6283347606658936,-0.5713248252868652,0.5279994606971741],"time":0.7497427463531494},{"ShiftLock":true,"VVelocity":[-10.053557395935059,-21.39251136779785,-12.446928024291993],"AAnimation":{"Name":"JumpAnim","Weight":0},"CCFrame":[160.00955200195313,-10.691385269165039,-179.2598419189453,0.7802489995956421,3.8238258781575499e-8,0.6254690289497376,-4.2846163950116536e-8,1,-7.68636621018004e-9,-0.6254690289497376,-2.0801667943715075e-8,0.7802489995956421],"CCameraCFrame":[172.8725128173828,10.231961250305176,-166.0015106201172,0.7805027961730957,-0.4533546268939972,0.430447518825531,0,0.68854820728302,0.7251905798912048,-0.6251524090766907,-0.5660132765769959,0.5374137163162231],"time":0.7663989067077637},{"ShiftLock":true,"VVelocity":[-10.003449440002442,-24.662508010864259,-12.48723030090332],"AAnimation":{"Name":"FallAnim","Weight":0},"CCFrame":[159.84271240234376,-11.081989288330079,-179.46786499023438,0.7859411835670471,8.741483092933322e-9,0.618301272392273,-9.348416263321724e-9,1,-2.254851416694237e-9,-0.618301272392273,-4.0079570773343679e-9,0.7859411835670471],"CCameraCFrame":[172.76271057128907,9.604793548583985,-165.84783935546876,0.7865928411483765,-0.44095659255981448,0.4322372376918793,0,0.7000110149383545,0.7141320705413818,-0.6174720525741577,-0.5617311596870422,0.5506236553192139],"time":0.7833418846130371},{"ShiftLock":true,"VVelocity":[-9.882003784179688,-27.932504653930665,-12.583542823791504],"AAnimation":{"Name":"FallAnim","Weight":0},"CCFrame":[159.67774963378907,-11.527093887329102,-179.67738342285157,0.7931849360466003,-2.088837014468936e-8,0.6089808344841003,2.4182984503795525e-8,1,2.8027000720243224e-9,-0.6089808344841003,1.2503915236550256e-8,0.7931849360466003],"CCameraCFrame":[172.62489318847657,8.895404815673829,-165.64674377441407,0.7940991520881653,-0.4266796112060547,0.43284064531326296,-2.9802322387695315e-8,0.7121570110321045,0.7020202875137329,-0.6077882051467896,-0.5574737191200256,0.5655232667922974],"time":0.7995216846466065},{"ShiftLock":true,"VVelocity":[-9.727725982666016,-31.20250129699707,-12.70317268371582],"AAnimation":{"Name":"FallAnim","Weight":0},"CCFrame":[159.51527404785157,-12.026698112487793,-179.88885498046876,0.8014055490493774,-5.073660602761265e-8,0.5981213450431824,5.774951716830401e-8,1,7.449694638950177e-9,-0.5981213450431824,2.8570990906473527e-8,0.8014055490493774],"CCameraCFrame":[172.434326171875,8.161067962646485,-165.45480346679688,0.8024618625640869,-0.41234079003334048,0.4313119053840637,0,0.7228246927261353,0.6910313963890076,-0.5967034101486206,-0.5545263290405273,0.5800392627716065],"time":0.8167986869812012},{"ShiftLock":true,"VVelocity":[-9.550823211669922,-34.472503662109378,-12.83669662475586],"AAnimation":{"Name":"FallAnim","Weight":0},"CCFrame":[159.35569763183595,-12.580802917480469,-180.10250854492188,0.8139215111732483,-8.103827298100441e-8,0.580974817276001,9.137179546314656e-8,1,1.147863581962838e-8,-0.580974817276001,4.374200202050815e-8,0.8139215111732483],"CCameraCFrame":[172.1150665283203,7.367972373962402,-165.16311645507813,0.8154252171516419,-0.3935573995113373,0.42449310421943667,0,0.7333229184150696,0.6798806190490723,-0.5788624882698059,-0.5543918013572693,0.5979699492454529],"time":0.8331403732299805},{"ShiftLock":true,"VVelocity":[-9.267516136169434,-37.74250793457031,-13.042647361755371],"AAnimation":{"Name":"FallAnim","Weight":0},"CCFrame":[159.20062255859376,-13.189407348632813,-180.3194580078125,0.832576334476471,-1.1221447238085602e-7,0.5539103150367737,1.2506392010891433e-7,1,1.4603820375214127e-8,-0.5539103150367737,5.7115400409202269e-8,0.832576334476471],"CCameraCFrame":[171.57479858398438,6.552118301391602,-164.75340270996095,0.834800124168396,-0.36883535981178286,0.40874114632606509,0,0.7424190044403076,0.6699358820915222,-0.5505532026290894,-0.5592625737190247,0.619771420955658],"time":0.8496987819671631},{"ShiftLock":true,"VVelocity":[-8.817922592163086,-41.01251220703125,-13.35058879852295],"AAnimation":{"Name":"FallAnim","Weight":0},"CCFrame":[159.0526885986328,-13.852511405944825,-180.5413055419922,0.8527746796607971,-1.441449768435632e-7,0.5222790241241455,1.588104225902498e-7,1,1.6687380366420258e-8,-0.5222790241241455,6.871277946629562e-8,0.8527746796607971],"CCameraCFrame":[170.89402770996095,5.7873382568359379,-164.3931121826172,0.8553156852722168,-0.3440243899822235,0.3874046504497528,0,0.7477306127548218,0.6640022397041321,-0.5181072950363159,-0.5679315328598023,0.6395456194877625],"time":0.86734938621521},{"ShiftLock":true,"VVelocity":[-8.300161361694336,-44.28251647949219,-13.678436279296875],"AAnimation":{"Name":"FallAnim","Weight":0},"CCFrame":[158.91323852539063,-14.57011604309082,-180.76856994628907,0.876412034034729,-1.1362842400330919e-7,0.4815619885921478,1.233581770065939e-7,1,1.1454038606473205e-8,-0.4815619885921478,4.936615027872904e-8,0.876412034034729],"CCameraCFrame":[170.01104736328126,5.01546573638916,-163.9856719970703,0.8792816400527954,-0.3142974376678467,0.357884019613266,1.4901159417490817e-8,0.7513800859451294,0.6598697304725647,-0.47630226612091067,-0.580211341381073,0.6606746912002564],"time":0.8831486701965332},{"ShiftLock":true,"VVelocity":[-7.6342692375183109,-47.552520751953128,-14.060792922973633],"AAnimation":{"Name":"FallAnim","Weight":0},"CCFrame":[158.7845458984375,-15.342220306396485,-181.00210571289063,0.8967912793159485,-8.205488910562053e-8,0.4424538016319275,8.774591009341748e-8,1,7.60559792922777e-9,-0.4424538016319275,3.200287679305802e-8,0.8967912793159485],"CCameraCFrame":[169.14488220214845,4.2614898681640629,-163.7171630859375,0.8994283676147461,-0.28780412673950198,0.32893380522727969,-1.4901161193847657e-8,0.7525914311408997,0.658487856388092,-0.43706822395324709,-0.5922626852989197,0.6769020557403565],"time":0.8996157646179199},{"ShiftLock":true,"VVelocity":[-9.175577163696289,-50.82252502441406,-12.242921829223633],"AAnimation":{"Name":"FallAnim","Weight":0},"CCFrame":[158.64125061035157,-16.168825149536134,-181.21749877929688,0.8826227188110352,-4.9583707806277746e-8,0.47008201479911806,5.1450896876303889e-8,1,8.874994072982645e-9,-0.47008201479911806,1.6352869280922279e-8,0.8826227188110352],"CCameraCFrame":[168.3072052001953,3.501516342163086,-163.55690002441407,0.9165235757827759,-0.263566792011261,0.3008606433868408,1.4901161193847657e-8,0.7521879076957703,0.6589487195014954,-0.39998072385787966,-0.6039420366287231,0.689397931098938],"time":0.9180076122283936},{"ShiftLock":true,"VVelocity":[-14.572945594787598,-28.243947982788087,-6.203850269317627],"AAnimation":{"Name":"FallAnim","Weight":0},"CCFrame":[158.42413330078126,-16.94222640991211,-181.3497314453125,0.9214752316474915,-1.7820788400513267e-8,0.3884371519088745,1.588670173191531e-8,1,8.19073608937515e-9,-0.3884371519088745,-1.3765754092176508e-9,0.9214752316474915],"CCameraCFrame":[167.47853088378907,2.747560501098633,-163.48635864257813,0.9309018850326538,-0.24170207977294923,0.2738647162914276,0,0.7497608065605164,0.6617089509963989,-0.3652694821357727,-0.6159861087799072,0.6979537010192871],"time":0.9338710308074951},{"ShiftLock":true,"VVelocity":[-14.66269302368164,3.307307243347168,-6.395533084869385],"AAnimation":{"Name":"FallAnim","Weight":0},"CCFrame":[158.17994689941407,-16.999170303344728,-181.45590209960938,0.9399304986000061,1.5554515897520106e-8,0.34136584401130679,-1.9479056589943867e-8,1,8.068889556511749e-9,-0.34136584401130679,-1.4233679124231458e-8,0.9399304986000061],"CCameraCFrame":[166.7621612548828,2.034524917602539,-163.43710327148438,0.9404082298278809,-0.22579242289066316,0.2542639374732971,0,0.7477304935455322,0.6640024185180664,-0.34004759788513186,-0.6244333386421204,0.7031719088554382],"time":0.9497931003570557},{"ShiftLock":true,"VVelocity":[-14.49018383026123,4.755019187927246,-6.784459590911865],"AAnimation":{"Name":"WalkAnim","Weight":0},"CCFrame":[157.9380645751953,-16.918292999267579,-181.56814575195313,0.9484062194824219,4.9168690452461308e-8,0.31705769896507265,-5.47966081398954e-8,1,8.833577425093609e-9,-0.31705769896507265,-2.5751507592985946e-8,0.9484062194824219],"CCameraCFrame":[166.05618286132813,2.0497970581054689,-163.40541076660157,0.948457658290863,-0.21129447221755982,0.23618371784687043,-1.4901161193847657e-8,0.7452847957611084,0.6667461395263672,-0.3169039487838745,-0.632380485534668,0.7068710923194885],"time":0.9668166637420654},{"ShiftLock":true,"VVelocity":[-14.319377899169922,3.0561819076538088,-7.13808012008667],"AAnimation":{"Name":"WalkAnim","Weight":0},"CCFrame":[157.69903564453126,-16.8565673828125,-181.68634033203126,0.9552097916603088,8.295080533571309e-8,0.2959294319152832,-9.005712797716115e-8,1,1.038302421818571e-8,-0.2959294319152832,-3.656852243238973e-8,0.9552097916603088],"CCameraCFrame":[165.3920135498047,2.2146339416503908,-163.42041015625,0.955215334892273,-0.19824184477329255,0.21969032287597657,0,0.7424188852310181,0.6699360609054565,-0.295911580324173,-0.6399332284927368,0.709169864654541],"time":0.9828791618347168},{"ShiftLock":true,"VVelocity":[-14.158138275146485,1.7379289865493775,-7.452820777893066],"AAnimation":{"Name":"WalkAnim","Weight":0},"CCFrame":[157.46270751953126,-16.820161819458009,-181.80987548828126,0.9619555473327637,1.003216709705157e-7,0.27320596575737,-1.0742456169055004e-7,1,1.1039223757336459e-8,-0.27320596575737,-3.996827402374947e-8,0.9619555473327637],"CCameraCFrame":[164.70034790039063,2.3599929809570314,-163.4400634765625,0.9619561433792114,-0.18389727175235749,0.20204494893550874,1.4901162970204497e-8,0.7395390272140503,0.6731135845184326,-0.27320390939712527,-0.6475057601928711,0.7114041447639465],"time":0.9998235702514648},{"ShiftLock":true,"VVelocity":[-13.977875709533692,0.9578973054885864,-7.7856268882751469],"AAnimation":{"Name":"WalkAnim","Weight":0},"CCFrame":[157.22933959960938,-16.799896240234376,-181.9389190673828,0.9683613777160645,6.780616956802987e-8,0.2495521903038025,-7.14730887807491e-8,1,5.6325362152165329e-9,-0.2495521903038025,-2.329059611838602e-8,0.9683613777160645],"CCameraCFrame":[163.99038696289063,2.503448486328125,-163.49241638183595,0.968361496925354,-0.1689918339252472,0.1836244910955429,0,0.7358167171478272,0.677180826663971,-0.24955199658870698,-0.6557558178901672,0.7125364542007446],"time":1.0158398151397706},{"ShiftLock":true,"VVelocity":[-13.78304672241211,0.5233230590820313,-8.125542640686036],"AAnimation":{"Name":"WalkAnim","Weight":0},"CCFrame":[156.99920654296876,-16.788795471191408,-182.0736083984375,0.9728785753250122,3.4795579750834807e-8,0.23131635785102845,-3.566017525713505e-8,1,-4.4337625237922398e-10,-0.23131635785102845,-7.817430258683089e-9,0.9728785753250122