[{"ShiftLock":false,"VVelocity":[9.277684398512065e-8,0.00005205025081522763,1.3698070233658655e-7],"AAnimation":{"Name":"Idle","Weight":0},"CCFrame":[162.29400634765626,-16.775676727294923,-242.07887268066407,-0.8872785568237305,-4.4210615612882978e-8,-0.4612339735031128,-9.120118882322004e-9,1,-7.830847437162447e-8,0.4612339735031128,-6.527492502073074e-8,-0.8872785568237305],"CCameraCFrame":[159.9677276611328,10.556882858276368,-246.55393981933595,-0.887278139591217,0.4526873826980591,-0.08838339895009995,0,0.19162346422672273,0.9814685583114624,0.4612347185611725,0.8708356022834778,-0.17002332210540772],"time":0},{"ShiftLock":true,"VVelocity":[0.000285447109490633,0.00005205025081522763,-0.00011555869423318654],"AAnimation":{"Name":"Idle","Weight":0},"CCFrame":[162.29400634765626,-16.775676727294923,-242.07887268066407,-0.8872781991958618,-0.000009906107152346522,-0.4612346291542053,-0.000010624040442053229,1,-0.0000010398775884823409,0.4612346291542053,0.000003977514552389039,-0.8872781991958618],"CCameraCFrame":[158.4149932861328,10.556882858276368,-245.7467803955078,-0.887278139591217,0.4526873826980591,-0.08838339895009995,0,0.19162346422672273,0.9814685583114624,0.4612347185611725,0.8708356022834778,-0.17002332210540772],"time":0.008460044860839844},{"ShiftLock":true,"VVelocity":[0.000285447109490633,0.00005205025081522763,-0.00011555869423318654],"AAnimation":{"Name":"Idle","Weight":0},"CCFrame":[162.29400634765626,-16.775676727294923,-242.07887268066407,-0.8872781991958618,-0.000009906107152346522,-0.4612346291542053,-0.000010624040442053229,1,-0.0000010398775884823409,0.4612346291542053,0.000003977514552389039,-0.8872781991958618],"CCameraCFrame":[158.41497802734376,10.556882858276368,-245.7467803955078,-0.887278139591217,0.4526873826980591,-0.08838339895009995,0,0.19162346422672273,0.9814685583114624,0.4612347185611725,0.8708356022834778,-0.17002332210540772],"time":0.01036691665649414},{"ShiftLock":true,"VVelocity":[0.0001252859947271645,0.00005205025081522763,-0.00005100787166156806],"AAnimation":{"Name":"Idle","Weight":0},"CCFrame":[162.29400634765626,-16.775676727294923,-242.07887268066407,-0.8872781991958618,-0.000007432035090459976,-0.4612346291542053,-0.000007977808309078683,1,-7.664203280910442e-7,0.4612346291542053,0.000002999613343490637,-0.8872781991958618],"CCameraCFrame":[158.41497802734376,10.556882858276368,-245.7467803955078,-0.887278139591217,0.4526873826980591,-0.08838339895009995,0,0.19162346422672273,0.9814685583114624,0.4612347185611725,0.8708356022834778,-0.17002332210540772],"time":0.017306089401245118},{"ShiftLock":true,"VVelocity":[0.00006258889334276319,0.00005205025081522763,-0.000025655841454863549],"AAnimation":{"Name":"Idle","Weight":0},"CCFrame":[162.29400634765626,-16.775676727294923,-242.07887268066407,-0.8872781991958618,-0.000005592919478658587,-0.4612346291542053,-0.0000060058528106310409,1,-5.725012783841521e-7,0.4612346291542053,0.000002262139332742663,-0.8872781991958618],"CCameraCFrame":[158.41497802734376,10.556882858276368,-245.7467803955078,-0.887278139591217,0.4526873826980591,-0.08838339895009995,0,0.19162346422672273,0.9814685583114624,0.4612347185611725,0.8708356022834778,-0.17002332210540772],"time":0.02274632453918457},{"ShiftLock":true,"VVelocity":[-0.000010950738214887679,0.00005205025081522763,0.0000041811217670328919],"AAnimation":{"Name":"Idle","Weight":0},"CCFrame":[162.29400634765626,-16.775676727294923,-242.07887268066407,-0.8872781991958618,-0.000002352340970901423,-0.4612346291542053,-0.000002528526920286822,1,-2.3596253129198886e-7,0.4612346291542053,9.568798304826487e-7,-0.8872781991958618],"CCameraCFrame":[158.41497802734376,10.556882858276368,-245.7467803955078,-0.887278139591217,0.4526873826980591,-0.08838339895009995,0,0.19162346422672273,0.9814685583114624,0.4612347185611725,0.8708356022834778,-0.17002332210540772],"time":0.030449628829956056},{"ShiftLock":true,"VVelocity":[-0.00002641557512106374,0.00005205025081522763,0.00001049931233865209],"AAnimation":{"Name":"Idle","Weight":0},"CCFrame":[162.29400634765626,-16.775676727294923,-242.07887268066407,-0.8872781991958618,-0.0000011985164292127593,-0.4612346291542053,-0.0000012896711041321396,1,-1.175526378460745e-7,0.4612346291542053,4.905390937892662e-7,-0.8872781991958618],"CCameraCFrame":[158.4149932861328,10.556882858276368,-245.7467803955078,-0.887278139591217,0.4526873826980591,-0.08838339895009995,0,0.19162346422672273,0.9814685583114624,0.4612347185611725,0.8708356022834778,-0.17002332210540772],"time":0.0350184440612793},{"ShiftLock":true,"VVelocity":[-0.0000317665035254322,0.00005205025081522763,0.000012772569789376576],"AAnimation":{"Name":"Idle","Weight":0},"CCFrame":[162.29400634765626,-16.775676727294923,-242.07887268066407,-0.8872781991958618,1.4340693610392919e-7,-0.4612346291542053,1.5199204028704117e-7,1,1.8532228196477264e-8,0.4612346291542053,-5.3660752286077698e-8,-0.8872781991958618],"CCameraCFrame":[158.4149932861328,10.556882858276368,-245.7467803955078,-0.887278139591217,0.4526873826980591,-0.08838339895009995,0,0.19162346422672273,0.9814685583114624,0.4612347185611725,0.8708356022834778,-0.17002332210540772],"time":0.041910648345947269},{"ShiftLock":true,"VVelocity":[-0.00002762215444818139,0.00005205025081522763,0.000011134549822600093],"AAnimation":{"Name":"Idle","Weight":0},"CCFrame":[162.29400634765626,-16.775676727294923,-242.07887268066407,-0.8872781991958618,4.312144312734745e-7,-0.4612346291542053,4.615436921540095e-7,1,4.7040646933282917e-8,0.4612346291542053,-1.7114179229338334e-7,-0.8872781991958618],"CCameraCFrame":[158.4149932861328,10.556882858276368,-245.7467803955078,-0.887278139591217,0.4526873826980591,-0.08838339895009995,0,0.19162346422672273,0.9814685583114624,0.4612347185611725,0.8708356022834778,-0.17002332210540772],"time":0.04746055603027344},{"ShiftLock":true,"VVelocity":[-0.000015830612028366887,0.00005205025081522763,0.000006409117304428946],"AAnimation":{"Name":"Idle","Weight":0},"CCFrame":[162.29400634765626,-16.775676727294923,-242.07887268066407,-0.8872781991958618,5.475092734741338e-7,-0.4612346291542053,5.872976203136204e-7,1,5.726560914354195e-8,0.4612346291542053,-2.2007148459124438e-7,-0.8872781991958618],"CCameraCFrame":[158.4149932861328,10.556882858276368,-245.7467803955078,-0.887278139591217,0.4526873826980591,-0.08838339895009995,0,0.19162346422672273,0.9814685583114624,0.4612347185611725,0.8708356022834778,-0.17002332210540772],"time":0.05345964431762695},{"ShiftLock":true,"VVelocity":[-0.000010396598554507364,0.00005205025081522763,0.000004220391929266043],"AAnimation":{"Name":"Idle","Weight":0},"CCFrame":[162.29400634765626,-16.775676727294923,-242.07887268066407,-0.8872781991958618,4.81480867620121e-7,-0.4612346291542053,5.167052563592733e-7,1,4.990848978536633e-8,0.4612346291542053,-1.9403964302000532e-7,-0.8872781991958618],"CCameraCFrame":[158.4149932861328,10.556882858276368,-245.7467803955078,-0.887278139591217,0.4526873826980591,-0.08838339895009995,0,0.19162346422672273,0.9814685583114624,0.4612347185611725,0.8708356022834778,-0.17002332210540772],"time":0.05994725227355957},{"ShiftLock":true,"VVelocity":[-0.0000022353256099449938,0.00005205025081522763,9.111673762163264e-7],"AAnimation":{"Name":"Idle","Weight":0},"CCFrame":[162.29400634765626,-16.775676727294923,-242.07887268066407,-0.8872781991958618,2.874700157917687e-7,-0.4612346291542053,3.0881179213793077e-7,1,2.9199997086948316e-8,0.4612346291542053,-1.1652617359914075e-7,-0.8872781991958618],"CCameraCFrame":[158.4149932861328,10.556882858276368,-245.7467803955078,-0.887278139591217,0.4526873826980591,-0.08838339895009995,0,0.19162346422672273,0.9814685583114624,0.4612347185611725,0.8708356022834778,-0.17002332210540772],"time":0.06661725044250488},{"ShiftLock":true,"VVelocity":[-8.368651833734475e-7,0.00005205025081522763,3.411357738514198e-7],"AAnimation":{"Name":"Idle","Weight":0},"CCFrame":[162.29400634765626,-16.775676727294923,-242.07887268066407,-0.8872781991958618,1.904956974385641e-7,-0.4612346291542053,2.048983702707119e-7,1,1.884906630778005e-8,0.4612346291542053,-7.778186272844323e-8,-0.8872781991958618],"CCameraCFrame":[158.4149932861328,10.556882858276368,-245.7467803955078,-0.887278139591217,0.4526873826980591,-0.08838339895009995,0,0.19162346422672273,0.9814685583114624,0.4612347185611725,0.8708356022834778,-0.17002332210540772],"time":0.07117438316345215},{"ShiftLock":true,"VVelocity":[0.0000016315329958160874,0.00005205025081522763,-6.395573564077495e-7],"AAnimation":{"Name":"Idle","Weight":0},"CCFrame":[162.29400634765626,-16.775676727294923,-242.07887268066407,-0.8872781991958618,5.085902898827044e-8,-0.4612346291542053,5.5039038215909389e-8,1,4.388418961553953e-9,0.4612346291542053,-2.1492160939828865e-8,-0.8872781991958618],"CCameraCFrame":[158.4149932861328,10.556882858276368,-245.7467803955078,-0.887278139591217,0.4526873826980591,-0.08838339895009995,0,0.19162346422672273,0.9814685583114624,0.4612347185611725,0.8708356022834778,-0.17002332210540772],"time":0.0783834457397461},{"ShiftLock":true,"VVelocity":[0.0000018655894109542715,0.00005205025081522763,-7.395120746878092e-7],"AAnimation":{"Name":"Idle","Weight":0},"CCFrame":[162.29400634765626,-16.775676727294923,-242.07887268066407,-0.8872781991958618,9.726909944163254e-9,-0.4612346291542053,1.0818036244586438e-8,1,2.781708474675071e-10,0.4612346291542053,-4.7428381222403008e-9,-0.8872781991958618],"CCameraCFrame":[158.4149932861328,10.556882858276368,-245.7467803955078,-0.887278139591217,0.4526873826980591,-0.08838339895009995,0,0.19162346422672273,0.9814685583114624,0.4612347185611725,0.8708356022834778,-0.17002332210540772],"time":0.0832512378692627},{"ShiftLock":true,"VVelocity":[0.0000016598422689639847,0.00005205025081522763,-6.667289085271477e-7],"AAnimation":{"Name":"Idle","Weight":0},"CCFrame":[162.29400634765626,-16.775676727294923,-242.07887268066407,-0.8872781991958618,-5.156070770340193e-8,-0.4612346291542053,-5.5115901176350238e-8,1,-5.76185676948171e-9,0.4612346291542053,2.0308991821593737e-8,-0.8872781991958618],"CCameraCFrame":[158.4149932861328,10.556882858276368,-245.7467803955078,-0.887278139591217,0.4526873826980591,-0.08838339895009995,0,0.19162346422672273,0.9814685583114624,0.4612347185611725,0.8708356022834778,-0.17002332210540772],"time":0.09012365341186524},{"ShiftLock":true,"VVelocity":[-2.284850597381592,0.00005205025081522763,1.1877363920211793],"AAnimation":{"Name":"Idle","Weight":0},"CCFrame":[162.28448486328126,-16.775676727294923,-242.0739288330078,-0.8872781991958618,-7.172068450245206e-8,-0.4612346291542053,-7.683364344757138e-8,1,-7.692101178236044e-9,0.4612346291542053,2.861330372638804e-8,-0.8872781991958618],"CCameraCFrame":[158.4149932861328,10.556882858276368,-245.7467803955078,-0.887278139591217,0.4526873826980591,-0.08838339895009995,0,0.19162346422672273,0.9814685583114624,0.4612347185611725,0.8708356022834778,-0.17002332210540772],"time":0.09882807731628418},{"ShiftLock":true,"VVelocity":[-4.569701194763184,0.00005205025081522763,2.3754730224609377],"AAnimation":{"Name":"Idle","Weight":0},"CCFrame":[162.26544189453126,-16.775676727294923,-242.06402587890626,-0.8872779011726379,-7.476028685005076e-8,-0.46123528480529787,-8.016026953328037e-8,1,-7.882871244646595e-9,0.46123528480529787,2.997844461560817e-8,-0.8872779011726379],"CCameraCFrame":[158.4127655029297,10.559967041015625,-245.72779846191407,-0.8872779011726379,0.4527420103549957,-0.08810628205537796,0,0.19102242588996888,0.9815857410430908,0.46123531460762026,0.870939314365387,-0.16948996484279633],"time":0.1029961109161377},{"ShiftLock":true,"VVelocity":[-9.139403343200684,0.00005205025081522763,4.750951766967773],"AAnimation":{"Name":"Idle","Weight":0},"CCFrame":[162.19879150390626,-16.775676727294923,-242.02938842773438,-0.8872779011726379,-8.083759439614369e-8,-0.46123528480529787,-8.681137586563637e-8,1,-8.264288808845777e-9,0.46123528480529787,3.270774584507308e-8,-0.8872779011726379],"CCameraCFrame":[158.3937225341797,10.559967041015625,-245.7178955078125,-0.8872779011726379,0.4527420103549957,-0.08810628205537796,0,0.19102242588996888,0.9815857410430908,0.46123531460762026,0.870939314365387,-0.16948996484279633],"time":0.10884952545166016},{"ShiftLock":true,"VVelocity":[-11.424254417419434,0.00005205025081522763,5.938691139221191],"AAnimation":{"Name":"Idle","Weight":0},"CCFrame":[162.15118408203126,-16.775676727294923,-242.004638671875,-0.8872779011726379,-8.387527117292848e-8,-0.46123528480529787,-9.013586321771072e-8,1,-8.454937194812829e-9,0.46123528480529787,3.407195947602304e-8,-0.8872779011726379],"CCameraCFrame":[158.3270721435547,10.559967041015625,-245.68325805664063,-0.8872779011726379,0.4527420103549957,-0.08810628205537796,0,0.19102242588996888,0.9815857410430908,0.46123531460762026,0.870939314365387,-0.16948996484279633],"time":0.11363005638122559},{"ShiftLock":true,"VVelocity":[-13.806605339050293,-0.00012298178626224399,7.177113056182861],"AAnimation":{"Name":"Idle","Weight":0},"CCFrame":[162.03883361816407,-16.775676727294923,-241.94622802734376,-0.8872779011726379,-8.994868494482944e-8,-0.46123528480529787,-9.678270629365216e-8,1,-8.836111398125013e-9,0.46123528480529787,3.679951277035798e-8,-0.8872779011726379],"CCameraCFrame":[158.2794647216797,10.559967041015625,-245.65850830078126,-0.8872779011726379,0.4527420103549957,-0.08810628205537796,0,0.19102242588996888,0.9815857410430908,0.46123531460762026,0.870939314365387,-0.16948996484279633],"time":0.12145137786865235},{"ShiftLock":true,"VVelocity":[-14.050254821777344,-0.00014090481272432953,7.303770065307617],"AAnimation":{"Name":"Idle","Weight":0},"CCFrame":[161.98028564453126,-16.775676727294923,-241.91580200195313,-0.8872779011726379,-9.298441483451825e-8,-0.46123528480529787,-1.0010506912294659e-7,1,-9.026638103648566e-9,0.46123528480529787,3.8162852433742958e-8,-0.8872779011726379],"CCameraCFrame":[158.1671142578125,10.559967041015625,-245.60009765625,-0.8872779011726379,0.4527420103549957,-0.08810628205537796,0,0.19102242588996888,0.9815857410430908,0.46123531460762026,0.870939314365387,-0.16948996484279633],"time":0.12607884407043458},{"ShiftLock":true,"VVelocity":[-14.175886154174805,-0.00015010853530839086,7.369077682495117],"AAnimation":{"Name":"Idle","Weight":0},"CCFrame":[161.86228942871095,-16.775676727294923,-241.85447692871095,-0.8872779011726379,-9.90539419376546e-8,-0.46123528480529787,-1.0674766315332818e-7,1,-9.407569834252172e-9,0.46123528480529787,4.0888657792947927e-8,-0.8872779011726379],"CCameraCFrame":[158.1085662841797,10.559967041015625,-245.56967163085938,-0.8872779011726379,0.4527420103549957,-0.08810628205537796,0,0.19102242588996888,0.9815857410430908,0.46123531460762026,0.870939314365387,-0.16948996484279633],"time":0.1320035457611084},{"ShiftLock":true,"VVelocity":[-14.188735008239746,-0.0001510773436166346,7.375756740570068],"AAnimation":{"Name":"Idle","Weight":0},"CCFrame":[161.8031768798828,-16.775676727294923,-241.82374572753907,-0.8872779011726379,-1.0208773204567479e-7,-0.46123528480529787,-1.1006789435441533e-7,1,-9.597974859332226e-9,0.46123528480529787,4.2251123488767919e-8,-0.8872779011726379],"CCameraCFrame":[157.99057006835938,10.559967041015625,-245.5083465576172,-0.8872779011726379,0.4527420103549957,-0.08810628205537796,0,0.19102242588996888,0.9815857410430908,0.46123531460762026,0.870939314365387,-0.16948996484279633],"time":0.1389141082763672},{"ShiftLock":true,"VVelocity":[-14.193553924560547,-0.00015140027971938252,7.378261089324951],"AAnimation":{"Name":"Idle","Weight":0},"CCFrame":[161.74403381347657,-16.775676727294923,-241.79299926757813,-0.8872779011726379,-1.0512087555980543e-7,-0.46123528480529787,-1.1338741501276673e-7,1,-9.788339916383393e-9,0.46123528480529787,4.361329786206625e-8,-0.8872779011726379],"CCameraCFrame":[157.93145751953126,10.559967041015625,-245.4776153564453,-0.8872779011726379,0.4527420103549957,-0.08810628205537796,0,0.19102242588996888,0.9815857410430908,0.46123531460762026,0.870939314365387,-0.16948996484279633],"time":0.1443784236907959},{"ShiftLock":true,"VVelocity":[-14.196038246154786,-0.00015156174777075648,7.379552841186523],"AAnimation":{"Name":"Idle","Weight":0},"CCFrame":[161.62574768066407,-16.775676727294923,-241.73150634765626,-0.8872779011726379,-1.1118522280639809e-7,-0.46123528480529787,-1.2002433891211695e-7,1,-1.0168950126399068e-8,0.46123528480529787,4.63367761938116e-8,-0.8872779011726379],"CCameraCFrame":[157.872314453125,10.559967041015625,-245.44686889648438,-0.8872779011726379,0.4527420103549957,-0.08810628205537796,0,0.19102242588996888,0.9815857410430908,0.46123531460762026,0.870939314365387,-0.16948996484279633],"time":0.1505601406097412},{"ShiftLock":true,"VVelocity":[-14.19638729095459,-0.00015156174777075648,7.379734516143799],"AAnimation":{"Name":"Idle","Weight":0},"CCFrame":[161.50743103027345,-16.775676727294923,-241.67001342773438,-0.8872779011726379,-1.1724697657200523e-7,-0.46123528480529787,-1.2665842064052414e-7,1,-1.0549396023407099e-8,0.46123528480529787,4.905908923547031e-8,-0.8872779011726379],"CCameraCFrame":[157.7540283203125,10.559967041015625,-245.3853759765625,-0.8872779011726379,0.4527420103549957,-0.08810628205537796,0,0.19102242588996888,0.9815857410430908,0.46123531460762026,0.870939314365387,-0.16948996484279633],"time":0.15673494338989259},{"ShiftLock":true,"VVelocity":[-14.196422576904297,-0.00015156174777075648,7.379753112792969],"AAnimation":{"Name":"Idle","Weight":0},"CCFrame":[161.44827270507813,-16.775676727294923,-241.63926696777345,-0.8872779011726379,-1.202768800112608e-7,-0.46123528480529787,-1.299744099014788e-7,1,-1.0739558575778574e-8,0.46123528480529787,5.041980699616033e-8,-0.8872779011726379],"CCameraCFrame":[157.63571166992188,10.559967041015625,-245.32388305664063,-0.8872779011726379,0.4527420103549957,-0.08810628205537796,0,0.19102242588996888,0.9815857410430908,0.46123531460762026,0.870939314365387,-0.16948996484279633],"time":0.16306471824645997},{"ShiftLock":true,"VVelocity":[-14.196435928344727,-0.00015156174777075648,7.379759788513184],"AAnimation":{"Name":"Idle","Weight":0},"CCFrame":[161.3891143798828,-16.775676727294923,-241.6085205078125,-0.8872779011726379,-1.2330613685662684e-7,-0.46123528480529787,-1.332896886196977e-7,1,-1.0929681160121163e-8,0.46123528480529787,5.178023698704237e-8,-0.8872779011726379],"CCameraCFrame":[157.57655334472657,10.559967041015625,-245.2931365966797,-0.8872779011726379,0.4527420103549957,-0.08810628205537796,0,0.19102242588996888,0.9815857410430908,0.46123531460762026,0.870939314365387,-0.16948996484279633],"time":0.1686687469482422},{"ShiftLock":true,"VVelocity":[-14.196442604064942,-0.00015156174777075648,7.379763126373291],"AAnimation":{"Name":"Idle","Weight":0},"CCFrame":[161.2707977294922,-16.775676727294923,-241.54702758789063,-0.8872779011726379,-9.687155966275896e-8,-0.46123528480529787,-1.0476232858991352e-7,1,-8.495146808229493e-9,0.46123528480529787,4.078252402450744e-8,-0.8872779011726379],"CCameraCFrame":[157.51739501953126,10.559967041015625,-245.26239013671876,-0.8872779011726379,0.4527420103549957,-0.08810628205537796,0,0.19102242588996888,0.9815857410430908,0.46123531460762026,0.870939314365387,-0.16948996484279633],"time":0.17559123039245606},{"ShiftLock":true,"VVelocity":[-14.196443557739258,-0.00015156174777075648,7.379763603210449],"AAnimation":{"Name":"Idle","Weight":0},"CCFrame":[161.21163940429688,-16.775676727294923,-241.5162811279297,-0.8872779011726379,-8.365849879510279e-8,-0.46123528480529787,-9.050322091752605e-8,1,-7.2782690985206958e-9,0.46123528480529787,3.528542791286782e-8,-0.8872779011726379],"CCameraCFrame":[157.39907836914063,10.559967041015625,-245.20089721679688,-0.8872779011726379,0.4527420103549957,-0.08810628205537796,0,0.19102242588996888,0.9815857410430908,0.46123531460762026,0.870939314365387,-0.16948996484279633],"time":0.18126630783081056},{"ShiftLock":true,"VVelocity":[-14.196444511413575,-0.00015156174777075648,7.379764080047607],"AAnimation":{"Name":"Idle","Weight":0},"CCFrame":[161.09332275390626,-16.775676727294923,-241.4547882080078,-0.8872779011726379,-5.7240839623773357e-8,-0.46123528480529787,-6.199412894147827e-8,1,-4.84528994704192e-9,0.46123528480529787,2.4294761757914786e-8,-0.8872779011726379],"CCameraCFrame":[157.3399200439453,10.559967041015625,-245.17015075683595,-0.8872779011726379,0.4527420103549957,-0.08810628205537796,0,0.19102242588996888,0.9815857410430908,0.46123531460762026,0.870939314365387,-0.16948996484279633],"time":0.187699556350708},{"ShiftLock":true,"VVelocity":[-14.196444511413575,-0.00015156174777075648,7.379764080047607],"AAnimation":{"Name":"Idle","Weight":0},"CCFrame":[161.03416442871095,-16.775676727294923,-241.42404174804688,-0.8872779011726379,-4.403623776738641e-8,-0.46123528480529787,-4.774414819053163e-8,1,-3.629187617093521e-9,0.46123528480529787,1.8801188161887695e-8,-0.8872779011726379],"CCameraCFrame":[157.2216033935547,10.559967041015625,-245.10865783691407,-0.8872779011726379,0.4527420103549957,-0.08810628205537796,0,0.19102242588996888,0.9815857410430908,0.46123531460762026,0.870939314365387,-0.16948996484279633],"time":0.1934976577758789},{"ShiftLock":true,"VVelocity":[-14.196444511413575,-0.00015156174777075648,7.379764080047607],"AAnimation":{"Name":"Idle","Weight":0},"CCFrame":[160.9158477783203,-16.775676727294923,-241.362548828125,-0.8869014978408814,-1.7620154224573527e-8,-0.4619585871696472,-1.9255315564237209e-8,1,-1.1745350247949205e-9,0.4619585871696472,7.853460992635064e-9,-0.8869014978408814],"CCameraCFrame":[157.17408752441407,10.566104888916016,-245.0466766357422,-0.8869013786315918,0.4535598158836365,-0.0876888707280159,0,0.18981970846652986,0.9818189740180969,0.46195870637893679,0.8707765936851502,-0.16835136711597444],"time":0.1992044448852539},{"ShiftLock":true,"VVelocity":[-14.192681312561036,-0.00015156174777075648,7.386998653411865],"AAnimation":{"Name":"Idle","Weight":0},"CCFrame":[160.85670471191407,-16.775676727294923,-241.33177185058595,-0.886145293712616,-4.4111572172766959e-9,-0.4634075164794922,-5.017487758607331e-9,1,7.566900578348523e-11,0.4634075164794922,2.3921951086691708e-9,-0.886145293712616],"CCameraCFrame":[157.0645294189453,10.57220458984375,-244.95082092285157,-0.886145293712616,0.4550897777080536,-0.08740654587745667,0,0.18861699104309083,0.9820507168769836,0.46340760588645937,0.8702396154403687,-0.16714204847812653],"time":0.20536303520202638},{"ShiftLock":true,"VVelocity":[-14.180342674255371,-0.00015131954569369555,7.410651206970215],"AAnimation":{"Name":"Idle","Weight":0},"CCFrame":[160.738525390625,-16.775676727294923,-241.27003479003907,-0.8846264481544495,2.1980497422191548e-8,-0.4663003385066986,2.3440721363954254e-8,1,2.668272269801264e-9,0.4663003385066986,-8.569991827300783e-9,-0.8846264481544495],"CCameraCFrame":[157.01583862304688,10.581289291381836,-244.8654022216797,-0.884626567363739,0.45809146761894228,-0.08711029589176178,0,0.18681159615516663,0.9823958277702332,0.4663003087043762,0.8690534234046936,-0.1652584820985794],"time":0.21107864379882813},{"ShiftLock":true,"VVelocity":[-14.163893699645996,-0.00015099660959094763,7.441997051239014],"AAnimation":{"Name":"Idle","Weight":0},"CCFrame":[160.67950439453126,-16.775676727294923,-241.23902893066407,-0.8830985426902771,3.514006152727234e-8,-0.46918755769729617,3.766094991419777e-8,1,4.01061672761216e-9,0.46918755769729617,-1.4128278991165644e-8,-0.8830985426902771],"CCameraCFrame":[156.90843200683595,10.590278625488282,-244.74913024902345,-0.8830985426902771,0.46108826994895937,-0.08680246025323868,7.450580596923828e-9,0.18500587344169618,0.9827374219894409,0.4691876471042633,0.8678539991378784,-0.16337840259075166],"time":0.21669554710388184},{"ShiftLock":true,"VVelocity":[-14.142444610595704,-0.00015059293946251273,7.4826250076293949],"AAnimation":{"Name":"Idle","Weight":0},"CCFrame":[160.62057495117188,-16.775676727294923,-241.20785522460938,-0.881174623966217,4.826691224479873e-8,-0.4727909564971924,5.187253648841761e-8,1,5.410738967981388e-9,0.4727909564971924,-1.9757059988023685e-8,-0.881174623966217],"CCameraCFrame":[156.8502197265625,10.59622573852539,-244.67453002929688,-0.881174623966217,0.4647361636161804,-0.08689985424280167,0,0.18380185961723329,0.9829633235931397,0.4727909564971924,0.8661623597145081,-0.16196154057979585],"time":0.22262072563171388},{"ShiftLock":true,"VVelocity":[-14.10493278503418,-0.00014978559920564294,7.55311918258667],"AAnimation":{"Name":"Idle","Weight":0},"CCFrame":[160.50299072265626,-16.775676727294923,-241.14498901367188,-0.8788474798202515,7.45307886518276e-8,-0.47710278630256655,8.027254949638518e-8,1,8.349275937291623e-9,0.47710278630256655,-3.096051770512531e-8,-0.8788474798202515],"CCameraCFrame":[156.7971954345703,10.605072021484375,-244.58274841308595,-0.878847599029541,0.4691348671913147,-0.08683028817176819,0,0.1819949597120285,0.9832994341850281,0.47710275650024416,0.8641703724861145,-0.1599458009004593],"time":0.22982454299926759},{"ShiftLock":true,"VVelocity":[-14.06766128540039,-0.00014905899297446012,7.622320652008057],"AAnimation":{"Name":"Idle","Weight":0},"CCFrame":[160.38572692871095,-16.775676727294923,-241.08155822753907,-0.8753166198730469,8.453006472564084e-8,-0.48355019092559817,9.124882183186856e-8,1,9.633848385703914e-9,0.48355019092559817,-3.56907179366317e-8,-0.8753166198730469],"CCameraCFrame":[156.68557739257813,10.61673355102539,-244.43617248535157,-0.8753166198730469,0.4756888747215271,-0.08683839440345764,-7.4505797087454088e-9,0.1795850545167923,0.9837424755096436,0.48355019092559817,0.8610861301422119,-0.15719377994537354],"time":0.23584890365600587},{"ShiftLock":true,"VVelocity":[-14.028539657592774,-0.00014825165271759033,7.693872451782227],"AAnimation":{"Name":"Idle","Weight":0},"CCFrame":[160.3272705078125,-16.775676727294923,-241.04949951171876,-0.8725374937057495,8.137770635130437e-8,-0.48854711651802065,8.804321538491422e-8,1,9.327045802365319e-9,0.48854711651802065,-3.487506106125693e-8,-0.8725374937057495],"CCameraCFrame":[156.5572967529297,10.619623184204102,-244.33702087402345,-0.8725375533103943,0.4806582033634186,-0.0874413251876831,-7.450580596923828e-9,0.17898239195346833,0.9838522672653198,0.488547146320343,0.8584480285644531,-0.1561688333749771],"time":0.2415621280670166},{"ShiftLock":true,"VVelocity":[-13.986077308654786,-0.00014736357843503356,7.770673751831055],"AAnimation":{"Name":"Idle","Weight":0},"CCFrame":[160.2689971923828,-16.775676727294923,-241.01712036132813,-0.8705340027809143,7.828825232536474e-8,-0.49210822582244875,8.483957003591058e-8,1,9.007212753431304e-9,0.49210822582244875,-3.390916702983304e-8,-0.8705340027809143],"CCameraCFrame":[156.50119018554688,10.625375747680664,-244.26165771484376,-0.8705340623855591,0.4842694401741028,-0.08748539537191391,-7.450581485102248e-9,0.17777672410011292,0.9840708374977112,0.4921083152294159,0.856667160987854,-0.1547606736421585],"time":0.24977374076843263},{"ShiftLock":true,"VVelocity":[-13.93663501739502,-0.0001463947701267898,7.8592400550842289],"AAnimation":{"Name":"Idle","Weight":0},"CCFrame":[160.15280151367188,-16.775676727294923,-240.95172119140626,-0.8652600646018982,7.203315988135728e-8,-0.5013232827186585,7.844148797175876e-8,1,8.299783083032253e-9,0.5013232827186585,-3.214307398025085e-8,-0.8652600646018982],"CCameraCFrame":[156.42494201660157,10.631086349487305,-244.1610107421875,-0.8652601838111877,0.49344635009765627,-0.08851905912160874,7.450581485102248e-9,0.176570862531662,0.9842878580093384,0.5013232231140137,0.8516650795936585,-0.1527797132730484],"time":0.2530524730682373},{"ShiftLock":true,"VVelocity":[-13.878839492797852,-0.0001452644937671721,7.960446834564209],"AAnimation":{"Name":"Idle","Weight":0},"CCFrame":[160.094970703125,-16.775676727294923,-240.91854858398438,-0.864440381526947,6.903619720333154e-8,-0.5027353167533875,7.524405276626567e-8,1,7.940959001473402e-9,0.5027353167533875,-3.0963356323354677e-8,-0.864440381526947],"CCameraCFrame":[156.3115997314453,10.633934020996094,-244.0756072998047,-0.8644405603408814,0.4948904514312744,-0.0884651392698288,-7.450580596923828e-9,0.17596769332885743,0.9843959808349609,0.5027351379394531,0.8509517908096314,-0.15211358666419984],"time":0.2592649459838867},{"ShiftLock":true,"VVelocity":[-13.8377685546875,-0.0001444571535103023,8.0320463180542],"AAnimation":{"Name":"Idle","Weight":0},"CCFrame":[159.97959899902345,-16.775676727294923,-240.85169982910157,-0.8615514039993286,6.29711252031484e-8,-0.5076703429222107,6.885543513135417e-8,1,7.186996331398632e-9,0.5076703429222107,-2.8763896153805036e-8,-0.8615514039993286],"CCameraCFrame":[156.2440185546875,10.636764526367188,-244.00674438476563,-0.8615514039993286,0.4998033344745636,-0.08902747929096222,-7.450580596923828e-9,0.17536473274230958,0.9845035672187805,0.5076704025268555,0.8482004404067993,-0.1510857194662094],"time":0.26627612113952639},{"ShiftLock":true,"VVelocity":[-13.804676055908204,-0.00014381128130480647,8.088720321655274],"AAnimation":{"Name":"Idle","Weight":0},"CCFrame":[159.9220733642578,-16.775676727294923,-240.8179931640625,-0.8586347103118897,5.986314022266015e-8,-0.5125879645347595,6.566435928334613e-8,1,6.791886608681352e-9,0.5125879645347595,-2.7827011805925396e-8,-0.8586347103118897],"CCameraCFrame":[156.11920166015626,10.639589309692383,-243.90419006347657,-0.8586346507072449,0.5046997666358948,-0.08958055824041367,0,0.1747613102197647,0.9846108555793762,0.5125880837440491,0.8454210162162781,-0.1500561237335205],"time":0.27131104469299319},{"ShiftLock":true,"VVelocity":[-13.763099670410157,-0.00014300394104793668,8.159150123596192],"AAnimation":{"Name":"Idle","Weight":0},"CCFrame":[159.86473083496095,-16.775676727294923,-240.78399658203126,-0.857376217842102,5.685290815904409e-8,-0.5146902799606323,6.247494610533977e-8,1,6.389043960552954e-9,0.5146902799606323,-2.6677430042809648e-8,-0.857376217842102],"CCameraCFrame":[156.05419921875,10.639589309692383,-243.86102294921876,-0.8573761582374573,0.5067697763442993,-0.08994809538125992,0,0.174761563539505,0.9846108555793762,0.5146903991699219,0.8441818952560425,-0.14983639121055604],"time":0.277346134185791},{"ShiftLock":true,"VVelocity":[-13.724357604980469,-0.00014227733481675386,8.224372863769532],"AAnimation":{"Name":"Idle","Weight":0},"CCFrame":[159.75030517578126,-16.775676727294923,-240.7155303955078,-0.8561121821403503,5.090549848318915e-8,-0.5167900919914246,5.6100144973925128e-8,1,5.5679891808324559e-9,0.5167900919914246,-2.422517653144496e-8,-0.8561121821403503],"CCameraCFrame":[155.98941040039063,10.639589309692383,-243.81753540039063,-0.8561121225357056,0.5088372230529785,-0.0903150737285614,0,0.1747615933418274,0.9846108555793762,0.5167902112007141,0.8429372906684876,-0.14961551129817964],"time":0.28484606742858889},{"ShiftLock":true,"VVelocity":[-13.70152759552002,-0.000141792930662632,8.262415885925293],"AAnimation":{"Name":"Idle","Weight":0},"CCFrame":[159.6361083984375,-16.775676727294923,-240.646728515625,-0.8552667498588562,4.498651051676461e-8,-0.518187940120697,4.972941880510007e-8,1,4.736874448241224e-9,0.518187940120697,-2.171789503790933e-8,-0.8552667498588562],"CCameraCFrame":[155.87826538085938,10.642400741577149,-243.72915649414063,-0.8552668690681458,0.5102688074111939,-0.09024666249752045,0,0.17415820062160493,0.9847176671028137,0.518187940120697,0.8421964049339294,-0.1489517241716385],"time":0.2893519401550293},{"ShiftLock":true,"VVelocity":[-13.690740585327149,-0.00014163146261125803,8.280284881591797],"AAnimation":{"Name":"Idle","Weight":0},"CCFrame":[159.57907104492188,-16.775676727294923,-240.6122283935547,-0.8548431992530823,4.2030027458395128e-8,-0.518886387348175,4.654541641002652e-8,1,4.318849722295681e-9,0.518886387348175,-2.0459843597109285e-8,-0.8548431992530823],"CCameraCFrame":[155.76161193847657,10.642398834228516,-243.65719604492188,-0.8548431992530823,0.5109566450119019,-0.09036839753389359,0,0.17415836453437806,0.984717607498169,0.5188864469528198,0.8417791724205017,-0.1488780826330185],"time":0.29680562019348147},{"ShiftLock":true,"VVelocity":[-13.682459831237793,-0.00014146999455988407,8.293971061706543],"AAnimation":{"Name":"Idle","Weight":0},"CCFrame":[159.52206420898438,-16.775676727294923,-240.57766723632813,-0.8548431992530823,3.909192614059975e-8,-0.518886387348175,4.33620961359793e-8,1,3.900915590548948e-9,0.518886387348175,-1.916533065582371e-8,-0.8548431992530823],"CCameraCFrame":[155.70457458496095,10.642400741577149,-243.62269592285157,-0.854843258857727,0.5109565854072571,-0.09036840498447418,-7.450580596923828e-9,0.17415836453437806,0.9847176671028137,0.518886387348175,0.8417792320251465,-0.1488780975341797],"time":0.3021872043609619},{"ShiftLock":true,"VVelocity":[-13.678190231323243,-0.0001413892605341971,8.301027297973633],"AAnimation":{"Name":"Idle","Weight":0},"CCFrame":[159.4080810546875,-16.775676727294923,-240.5084991455078,-0.8548431992530823,3.321760999597245e-8,-0.518886387348175,3.699749839825017e-8,1,3.065314224670601e-9,0.518886387348175,-1.65771361082534e-8,-0.8548431992530823],"CCameraCFrame":[155.64756774902345,10.642400741577149,-243.588134765625,-0.854843258857727,0.5109565854072571,-0.09036840498447418,-7.450580596923828e-9,0.17415836453437806,0.9847176671028137,0.518886387348175,0.8417792320251465,-0.1488780975341797],"time":0.30783534049987795},{"ShiftLock":true,"VVelocity":[-13.677589416503907,-0.0001413892605341971,8.302020072937012],"AAnimation":{"Name":"Idle","Weight":0},"CCFrame":[159.29409790039063,-16.775676727294923,-240.43931579589845,-0.8548431992530823,2.7345807396272904e-8,-0.518886387348175,3.0635622039199009e-8,1,2.2300705726507887e-9,0.518886387348175,-1.3990047342815615e-8,-0.8548431992530823],"CCameraCFrame":[155.53358459472657,10.642400741577149,-243.5189666748047,-0.854843258857727,0.5109565854072571,-0.09036840498447418,-7.450580596923828e-9,0.17415836453437806,0.9847176671028137,0.518886387348175,0.8417792320251465,-0.1488780975341797],"time":0.31456446647644045},{"ShiftLock":true,"VVelocity":[-13.677528381347657,-0.0001413892605341971,8.30212116241455],"AAnimation":{"Name":"Idle","Weight":0},"CCFrame":[159.2371063232422,-16.775676727294923,-240.40472412109376,-0.8548431992530823,2.441084667736959e-8,-0.518886387348175,2.745570526485608e-8,1,1.8125827505599546e-9,0.518886387348175,-1.2696918183507933e-8,-0.8548431992530823],"CCameraCFrame":[155.4196014404297,10.642400741577149,-243.4497833251953,-0.854843258857727,0.5109565854072571,-0.09036840498447418,-7.450580596923828e-9,0.17415836453437806,0.9847176671028137,0.518886387348175,0.8417792320251465,-0.1488780975341797],"time":0.31954050064086916},{"ShiftLock":true,"VVelocity":[-13.677505493164063,-0.0001413892605341971,8.302159309387207],"AAnimation":{"Name":"Idle","Weight":0},"CCFrame":[159.18011474609376,-16.775676727294923,-240.37013244628907,-0.8548431992530823,2.1476514788787428e-8,-0.518886387348175,2.42764670588258e-8,1,1.395183857333393e-9,0.518886387348175,-1.1404065247688777e-8,-0.8548431992530823],"CCameraCFrame":[155.36260986328126,10.642400741577149,-243.41519165039063,-0.854843258857727,0.5109565854072571,-0.09036840498447418,-7.450580596923828e-9,0.17415836453437806,0.9847176671028137,0.518886387348175,0.8417792320251465,-0.1488780975341797],"time":0.32727599143981936},{"ShiftLock":true,"VVelocity":[-13.67749309539795,-0.0001413892605341971,8.302179336547852],"AAnimation":{"Name":"Idle","Weight":0},"CCFrame":[159.06613159179688,-16.775676727294923,-240.3009490966797,-0.8548431992530823,1.560973394987286e-8,-0.518886387348175,1.7920031680773719e-8,1,5.60654689341078e-10,0.518886387348175,-8.819188934694467e-9,-0.8548431992530823],"CCameraCFrame":[155.3056182861328,10.642400741577149,-243.38059997558595,-0.854843258857727,0.5109565854072571,-0.09036840498447418,-7.450580596923828e-9,0.17415836453437806,0.9847176671028137,0.518886387348175,0.8417792320251465,-0.1488780975341797],"time":0.334014892578125},{"ShiftLock":true,"VVelocity":[-13.677492141723633,-0.0001413892605341971,8.302181243896485],"AAnimation":{"Name":"Idle","Weight":0},"CCFrame":[159.00914001464845,-16.775676727294923,-240.266357421875,-0.8548431992530823,1.2677284111362042e-8,-0.518886387348175,1.4742833620573493e-8,1,1.4352415089735616e-10,0.518886387348175,-7.52716555751931e-9,-0.8548431992530823],"CCameraCFrame":[155.19163513183595,10.642400741577149,-243.31141662597657,-0.854843258857727,0.5109565854072571,-0.09036840498447418,-7.450580596923828e-9,0.17415836453437806,0.9847176671028137,0.518886387348175,0.8417792320251465,-0.1488780975341797],"time":0.33834385871887209},{"ShiftLock":true,"VVelocity":[-13.677491188049317,-0.0001413892605341971,8.3021821975708],"AAnimation":{"Name":"Idle","Weight":0},"CCFrame":[158.89515686035157,-16.775676727294923,-240.19717407226563,-0.8548431992530823,6.8142655962333269e-9,-0.518886387348175,8.390475869646253e-9,1,-6.904694593856675e-10,0.518886387348175,-4.94394658545616e-9,-0.8548431992530823],"CCameraCFrame":[155.1346435546875,10.642400741577149,-243.27682495117188,-0.854843258857727,0.5109565854072571,-0.09036840498447418,-7.450580596923828e-9,0.17415836453437806,0.9847176671028137,0.518886387348175,0.8417792320251465,-0.1488780975341797],"time":0.3444514274597168},{"ShiftLock":true,"VVelocity":[-13.677491188049317,-0.0001413892605341971,8.3021821975708],"AAnimation":{"Name":"Idle","Weight":0},"CCFrame":[158.83816528320313,-16.775676727294923,-240.16258239746095,-0.8548431992530823,3.883697363704641e-9,-0.518886387348175,5.2153152907408188e-9,1,-1.10733233693594e-9,0.518886387348175,-3.6527516567019804e-9,-0.8548431992530823],"CCameraCFrame":[155.02066040039063,10.642400741577149,-243.2076416015625,-0.854843258857727,0.5109565854072571,-0.09036840498447418,-7.450580596923828e-9,0.17415836453437806,0.9847176671028137,0.518886387348175,0.8417792320251465,-0.1488780975341797],"time":0.35079193115234377},{"ShiftLock":true,"VVelocity":[-13.677491188049317,-0.0001413892605341971,8.3021821975708],"AAnimation":{"Name":"Idle","Weight":0},"CCFrame":[158.72418212890626,-16.775676727294923,-240.09339904785157,-0.8548431992530823,-1.9755601599058538e-9,-0.518886387348175,-1.1329684967975596e-9,1,-1.940790417265248e-9,0.518886387348175,-1.0711895814807804e-9,-0.8548431992530823],"CCameraCFrame":[154.9636688232422,10.642400741577149,-243.1730499267578,-0.854843258857727,0.5109565854072571,-0.09036840498447418,-7.450580596923828e-9,0.17415836453437806,0.9847176671028137,0.518886387348175,0.8417792320251465,-0.1488780975341797],"time":0.3572499752044678},{"ShiftLock":true,"VVelocity":[-13.677491188049317,-0.0001413892605341971,8.3021821975708],"AAnimation":{"Name":"Idle","Weight":0},"CCFrame":[158.6671905517578,-16.775676727294923,-240.05880737304688,-0.8548431992530823,-4.9042490068984538e-9,-0.518886387348175,-4.3060923715643188e-9,1,-2.3573856200442835e-9,0.518886387348175,2.1917750947508808e-10,-0.8548431992530823],"CCameraCFrame":[154.8496856689453,10.642400741577149,-243.10386657714845,-0.854843258857727,0.5109565854072571,-0.09036840498447418,-7.450580596923828e-9,0.17415836453437806,0.9847176671028137,0.518886387348175,0.8417792320251465,-0.1488780975341797],"time":0.3632950782775879},{"ShiftLock":true,"VVelocity":[-13.677491188049317,-0.0001413892605341971,8.3021821975708],"AAnimation":{"Name":"Idle","Weight":0},"CCFrame":[158.61019897460938,-16.775676727294923,-240.0242156982422,-0.8548431992530823,-7.832311688105165e-9,-0.518886387348175,-7.478537789040729e-9,1,-2.7738917829367439e-9,0.518886387348175,1.5092687100093372e-9,-0.8548431992530823],"CCameraCFrame":[154.79269409179688,10.642400741577149,-243.06927490234376,-0.854843258857727,0.5109565854072571,-0.09036840498447418,-7.450580596923828e-9,0.17415836453437806,0.9847176671028137,0.518886387348175,0.8417792320251465,-0.1488780975341797],"time":0.3692610263824463},{"ShiftLock":true,"VVelocity":[-13.677491188049317,-0.0001413892605341971,8.3021821975708],"AAnimation":{"Name":"Idle","Weight":0},"CCFrame":[158.4962158203125,-16.775676727294923,-239.9550