[{"ShiftLock":false,"VVelocity":[-2.2782842279411853e-10,0.00005194858385948464,1.610089839232387e-10],"AAnimation":{"Name":"Idle","Weight":0},"CCFrame":[128.6337432861328,-16.475492477416993,-242.58189392089845,-0.6479808688163757,1.6840220329328304e-9,0.761656641960144,1.8497096909708689e-10,1,-2.0536345957111736e-9,-0.761656641960144,-1.1898315666059034e-9,-0.6479808688163757],"CCameraCFrame":[133.87533569335938,-3.5469751358032228,-247.0411834716797,-0.6479806900024414,-0.6524919867515564,0.39290615916252139,0,0.5158572196960449,0.8566745519638062,-0.7616567611694336,0.5551085472106934,-0.3342655301094055],"time":0},{"ShiftLock":true,"VVelocity":[-1.4687416553497315,0.000028131955332355575,2.115196466445923],"AAnimation":{"Name":"Idle","Weight":0},"CCFrame":[128.62762451171876,-16.475492477416993,-242.5730743408203,-0.8209316730499268,7.995488005008156e-8,0.5710263848304749,1.2700310492164136e-7,1,4.256544983149979e-8,-0.5710263848304749,1.0746545342499303e-7,-0.8209316730499268],"CCameraCFrame":[131.49974060058595,-3.966592788696289,-249.76683044433595,-0.8209319114685059,-0.47122225165367129,0.322521835565567,2.9802318834981635e-8,0.5648110508918762,0.8252202868461609,-0.5710260272026062,0.677449643611908,-0.4636714458465576],"time":0.005902767181396484},{"ShiftLock":true,"VVelocity":[-2.93953800201416,0.000015214462109724991,4.228965759277344],"AAnimation":{"Name":"WalkAnim","Weight":0},"CCFrame":[128.61537170410157,-16.475492477416993,-242.55545043945313,-0.8204658031463623,1.1601203908639946e-7,0.5716956257820129,1.8554003133886e-7,1,6.33505052860528e-8,-0.5716956257820129,1.5804934605512245e-7,-0.8204658031463623],"CCameraCFrame":[131.49948120117188,-3.966594696044922,-249.75567626953126,-0.820465624332428,-0.47177496552467348,0.3229002058506012,-1.4901161193847657e-8,0.5648111701011658,0.8252201080322266,-0.5716959238052368,0.6770647168159485,-0.46340814232826235],"time":0.010717630386352539},{"ShiftLock":true,"VVelocity":[-5.88621187210083,0.000004396060830913484,8.45296573638916],"AAnimation":{"Name":"WalkAnim","Weight":0},"CCFrame":[128.5724639892578,-16.475492477416993,-242.49380493164063,-0.8199986815452576,1.1202196503745654e-7,0.572365403175354,1.7993986034525734e-7,1,6.207308445027593e-8,-0.572365403175354,1.538912073328902e-7,-0.8199986815452576],"CCameraCFrame":[131.4930877685547,-3.966592788696289,-249.73570251464845,-0.8199982643127441,-0.47232818603515627,0.3232786953449249,-1.4901162970204497e-8,0.564811110496521,0.8252202868461609,-0.5723661780357361,0.6766791939735413,-0.4631440043449402],"time":0.01732325553894043},{"ShiftLock":true,"VVelocity":[-7.364387035369873,-0.0003723103436641395,10.561583518981934],"AAnimation":{"Name":"WalkAnim","Weight":0},"CCFrame":[128.54177856445313,-16.475494384765626,-242.44979858398438,-0.8190612196922302,1.0091762447927977e-7,0.5737061500549316,1.6273847336378822e-7,1,5.6431574080306748e-8,-0.5737061500549316,1.3958496936083976e-7,-0.8190612196922302],"CCameraCFrame":[131.4580535888672,-3.961977958679199,-249.66380310058595,-0.8190615773200989,-0.47363200783729555,0.32374516129493716,0,0.5643053650856018,0.8255661725997925,-0.5737056732177734,0.6761895418167114,-0.462200790643692],"time":0.023185014724731447},{"ShiftLock":true,"VVelocity":[-8.924070358276368,-0.000278819992672652,12.747318267822266],"AAnimation":{"Name":"WalkAnim","Weight":0},"CCFrame":[128.46917724609376,-16.47549819946289,-242.34605407714845,-0.8185928463935852,7.910582411341238e-8,0.5743741989135742,1.2833750417939883e-7,1,4.5180204466532817e-8,-0.5743741989135742,1.1069794680906853e-7,-0.8185928463935852],"CCameraCFrame":[131.42933654785157,-3.9573678970336916,-249.61192321777345,-0.8185927867889404,-0.4743826985359192,0.32383179664611819,-1.4901161193847657e-8,0.5637992024421692,0.8259119391441345,-0.5743744373321533,0.6760855317115784,-0.4615218937397003],"time":0.028739213943481447},{"ShiftLock":true,"VVelocity":[-9.090270042419434,-0.0004802521434612572,12.966171264648438],"AAnimation":{"Name":"WalkAnim","Weight":0},"CCFrame":[128.43130493164063,-16.475500106811525,-242.29202270507813,-0.8176532983779907,6.807938746078435e-8,0.5757108926773071,1.1113337450296967e-7,1,3.958442817975083e-8,-0.5757108926773071,9.634703701522085e-8,-0.8176532983779907],"CCameraCFrame":[131.36843872070313,-3.957371711730957,-249.50344848632813,-0.8176531791687012,-0.4754865765571594,0.3245854377746582,0,0.5637992024421692,0.8259118795394898,-0.5757110118865967,0.6753094792366028,-0.4609922766685486],"time":0.034894704818725589},{"ShiftLock":true,"VVelocity":[-9.194345474243164,-0.0005856104544363916,13.066100120544434],"AAnimation":{"Name":"WalkAnim","Weight":0},"CCFrame":[128.35479736328126,-16.47550392150879,-242.18325805664063,-0.8167111873626709,4.6237840223284368e-8,0.5770466327667236,7.671791024677077e-8,1,2.8452697975467346e-8,-0.5770466327667236,6.750745029648897e-8,-0.8167111873626709],"CCameraCFrame":[131.33836364746095,-3.9527692794799806,-249.43914794921876,-0.81671142578125,-0.47678861021995547,0.32504627108573916,0,0.5632932186126709,0.826257050037384,-0.5770463347434998,0.6748135685920715,-0.46004796028137209],"time":0.04243803024291992},{"ShiftLock":true,"VVelocity":[-9.218342781066895,-0.0005975591484457254,13.066902160644532],"AAnimation":{"Name":"WalkAnim","Weight":0},"CCFrame":[128.31639099121095,-16.475505828857423,-242.12881469726563,-0.8152949810028076,3.523380343040117e-8,0.579045832157135,5.950211701133412e-8,1,2.2930779053353946e-8,-0.579045832157135,5.314980100479261e-8,-0.8152949810028076],"CCameraCFrame":[131.27545166015626,-3.948171615600586,-249.3177490234375,-0.8152951002120972,-0.4786403477191925,0.32587939500808718,1.4901161193847657e-8,0.5627869963645935,0.8266019821166992,-0.5790457129478455,0.6739245653152466,-0.45883744955062868],"time":0.0473024845123291},{"ShiftLock":true,"VVelocity":[-9.258207321166993,-0.0006060362211428583,13.047839164733887],"AAnimation":{"Name":"WalkAnim","Weight":0},"CCFrame":[128.23928833007813,-16.475509643554689,-242.0200653076172,-0.8143483400344849,1.3476904037190707e-8,0.580376386642456,2.506357965614825e-8,1,1.1946697853204569e-8,-0.580376386642456,2.4275085053204749e-8,-0.8143483400344849],"CCameraCFrame":[131.24868774414063,-3.948176383972168,-249.25851440429688,-0.8143483400344849,-0.4797402322292328,0.32662850618362429,0,0.5627872943878174,0.8266017436981201,-0.5803765058517456,0.6731417775154114,-0.45830485224723818],"time":0.05279254913330078},{"ShiftLock":true,"VVelocity":[-9.275592803955079,-0.0006080545717850328,13.036422729492188],"AAnimation":{"Name":"WalkAnim","Weight":0},"CCFrame":[128.2006378173828,-16.47551155090332,-241.9657440185547,-0.8129234313964844,2.5858082342011814e-9,0.5823705792427063,7.836428395080475e-9,1,6.498624749440296e-9,-0.5823705792427063,9.846589321682586e-9,-0.8129234313964844],"CCameraCFrame":[131.18118286132813,-3.9389915466308595,-249.13157653808595,-0.812923789024353,-0.48178932070732119,0.3271605670452118,0,0.5617742538452148,0.8272905349731445,-0.5823701620101929,0.6725241541862488,-0.4566796123981476],"time":0.06045079231262207},{"ShiftLock":true,"VVelocity":[-9.302048683166504,-0.0006103958585299552,13.017895698547364],"AAnimation":{"Name":"WalkAnim","Weight":0},"CCFrame":[128.16188049316407,-16.475513458251954,-241.9114990234375,-0.8105382323265076,-8.283667973785214e-9,0.5856857299804688,-9.409141021876622e-9,1,1.1221038542785778e-9,-0.5856857299804688,-4.6012917920279509e-9,-0.8105382323265076],"CCameraCFrame":[131.16758728027345,-3.934401512145996,-249.0596923828125,-0.8105384111404419,-0.4847337603569031,0.32872602343559267,1.4901162970204497e-8,0.561267077922821,0.8276347517967224,-0.5856856107711792,0.6708297729492188,-0.454928457736969],"time":0.06542849540710449},{"ShiftLock":true,"VVelocity":[-9.36127758026123,-0.0006155628361739218,12.975543975830079],"AAnimation":{"Name":"WalkAnim","Weight":0},"CCFrame":[128.0839385986328,-16.47551727294922,-241.80332946777345,-0.8091009855270386,-2.992391046063858e-8,0.5876696109771729,-4.391545616044823e-8,1,-9.542996615152788e-9,-0.5876696109771729,-3.352902666620139e-8,-0.8091009855270386],"CCameraCFrame":[131.14222717285157,-3.9298219680786135,-248.99269104003907,-0.8091006875038147,-0.4865780174732208,0.3295420706272125,0,0.5607603788375855,0.8279781937599182,-0.587670087814331,0.6699177026748657,-0.45371153950691225],"time":0.07158970832824707},{"ShiftLock":true,"VVelocity":[-9.38718032836914,-0.0006177426548674703,12.956835746765137],"AAnimation":{"Name":"WalkAnim","Weight":0},"CCFrame":[128.04483032226563,-16.47551918029785,-241.7493438720703,-0.806693434715271,-4.060898461943907e-8,0.5909701585769653,-6.11847212894645e-8,1,-1.4803330117274527e-8,-0.5909701585769653,-4.8100091021296978e-8,-0.806693434715271],"CCameraCFrame":[131.0891876220703,-3.925243377685547,-248.8668212890625,-0.806693434715271,-0.4895133674144745,0.3310927748680115,1.4901161193847657e-8,0.5602529048919678,0.828321635723114,-0.5909701585769653,0.6682016253471375,-0.45195233821868899],"time":0.07725858688354492},{"ShiftLock":true,"VVelocity":[-9.445911407470704,-0.000622748164460063,12.914088249206543],"AAnimation":{"Name":"WalkAnim","Weight":0},"CCFrame":[127.96617889404297,-16.475522994995118,-241.6416778564453,-0.8042719960212708,-6.204977154311564e-8,0.5942613482475281,-9.575485648838367e-8,1,-2.5179465623637044e-8,-0.5942613482475281,-7.715455296875007e-8,-0.8042719960212708],"CCameraCFrame":[131.07489013671876,-3.9206676483154299,-248.7950439453125,-0.8042725324630737,-0.4924429655075073,0.3326346278190613,-1.4901161193847657e-8,0.5597453117370606,0.8286647796630859,-0.5942607522010803,0.666472315788269,-0.4501877427101135],"time":0.0839681625366211},{"ShiftLock":true,"VVelocity":[-9.484823226928711,-0.0006259775254875422,12.88550853729248],"AAnimation":{"Name":"WalkAnim","Weight":0},"CCFrame":[127.9266586303711,-16.47552490234375,-241.58798217773438,-0.8013507723808289,-6.048426115512484e-8,0.5981947779655457,-9.421086843985904e-8,1,-2.5094985645068847e-8,-0.5981947779655457,-7.646633548574755e-8,-0.8013507723808289],"CCameraCFrame":[131.02667236328126,-3.9161014556884767,-248.6670379638672,-0.8013510704040527,-0.49590763449668887,0.334532767534256,0,0.5592375993728638,0.8290073871612549,-0.5981944799423218,0.6643259525299072,-0.4481455385684967],"time":0.09002923965454102},{"ShiftLock":true,"VVelocity":[-9.558976173400879,-0.0006322747794911265,12.83060073852539],"AAnimation":{"Name":"WalkAnim","Weight":0},"CCFrame":[127.84709167480469,-16.475528717041017,-241.48098754882813,-0.7984099984169006,-5.773612343773493e-8,0.6021141409873962,-9.112308418934845e-8,1,-2.4941213538909325e-8,-0.6021141409873962,-7.477981256442945e-8,-0.7984099984169006],"CCameraCFrame":[131.0174560546875,-3.911531448364258,-248.59283447265626,-0.7984102368354797,-0.49936315417289736,0.3364187777042389,1.4901161193847657e-8,0.5587294697761536,0.8293500542640686,-0.6021138429641724,0.6621615886688232,-0.4460953176021576],"time":0.09612441062927246},{"ShiftLock":true,"VVelocity":[-9.605754852294922,-0.0006362307467497885,12.795578002929688],"AAnimation":{"Name":"WalkAnim","Weight":0},"CCFrame":[127.80706787109375,-16.47553062438965,-241.42767333984376,-0.7949545383453369,-5.612166376067762e-8,0.606669008731842,-8.957927377650776e-8,1,-2.4873175519246616e-8,-0.606669008731842,-7.411801306034249e-8,-0.7949545383453369],"CCameraCFrame":[130.97789001464845,-3.9115371704101564,-248.4680633544922,-0.7949548959732056,-0.5031405687332153,0.33896365761756899,-1.4901161193847657e-8,0.5587295293807983,0.829349935054779,-0.6066685914993286,0.6592957973480225,-0.4441647529602051],"time":0.10213589668273926},{"ShiftLock":true,"VVelocity":[-9.692502975463868,-0.0006436582771129906,12.73000717163086],"AAnimation":{"Name":"WalkAnim","Weight":0},"CCFrame":[127.72640228271485,-16.475534439086915,-241.32151794433595,-0.7919721603393555,-5.338658581877098e-8,0.6105571985244751,-8.649200822219427e-8,1,-2.4752269567329678e-8,-0.6105571985244751,-7.241143151759388e-8,-0.7919721603393555],"CCameraCFrame":[130.97207641601563,-3.9115419387817385,-248.3993377685547,-0.7919718623161316,-0.5063657164573669,0.3411368131637573,0,0.5587300062179565,0.8293496966362,-0.6105575561523438,0.656821608543396,-0.44249844551086428],"time":0.10865545272827149},{"ShiftLock":true,"VVelocity":[-9.758174896240235,-0.0006491481908597052,12.679770469665528],"AAnimation":{"Name":"WalkAnim","Weight":0},"CCFrame":[127.6451644897461,-16.47553825378418,-241.21580505371095,-0.7879655361175537,-5.054207719012993e-8,0.6157193183898926,-8.340533952377882e-8,1,-2.465159099074299e-8,-0.6157193183898926,-7.077888852791148e-8,-0.7879655361175537],"CCameraCFrame":[130.9368896484375,-3.911545753479004,-248.2723388671875,-0.7879654765129089,-0.5106467604637146,0.34402087330818179,1.4901161193847657e-8,0.558729887008667,0.8293496966362,-0.6157194972038269,0.6534989476203919,-0.4402598440647125],"time":0.11531662940979004},{"ShiftLock":true,"VVelocity":[-9.816510200500489,-0.0006541537004522979,12.634568214416504],"AAnimation":{"Name":"WalkAnim","Weight":0},"CCFrame":[127.60426330566406,-16.475540161132814,-241.1631622314453,-0.7854443192481995,-4.9067867990970629e-8,0.61893230676651,-8.186231070794747e-8,1,-2.460756931554897e-8,-0.61893230676651,-6.999510304694923e-8,-0.7854443192481995],"CCameraCFrame":[130.88401794433595,-3.9115524291992189,-248.15345764160157,-0.7854444980621338,-0.5133110880851746,0.34581610560417178,0,0.5587302446365356,0.8293495178222656,-0.6189321875572205,0.6514080166816711,-0.43885156512260439],"time":0.1199193000793457},{"ShiftLock":true,"VVelocity":[-9.870512008666993,-0.0006587555399164557,12.5924072265625],"AAnimation":{"Name":"WalkAnim","Weight":0},"CCFrame":[127.5631332397461,-16.475542068481447,-241.11068725585938,-0.7829104661941528,-4.759717953106701e-8,0.6221344470977783,-8.031944531694535e-8,1,-2.4569855483491666e-8,-0.6221344470977783,-6.920549111555374e-8,-0.7829104661941528],"CCameraCFrame":[130.8714141845703,-3.9115514755249025,-248.0875244140625,-0.7829101085662842,-0.5159673690795898,0.3476053774356842,0,0.5587300062179565,0.8293496966362,-0.6221348643302918,0.6493062376976013,-0.4374353289604187],"time":0.12711071968078614},{"ShiftLock":true,"VVelocity":[-9.942395210266114,-0.0006648913258686662,12.535821914672852],"AAnimation":{"Name":"WalkAnim","Weight":0},"CCFrame":[127.48036193847656,-16.47554588317871,-241.00616455078126,-0.7808735966682434,-4.5002639836866368e-8,0.6246891021728516,-7.7234467710241e-8,1,-2.45045335134364e-8,-0.6246891021728516,-6.738247293469613e-8,-0.7808735966682434],"CCameraCFrame":[130.85289001464845,-3.9115562438964845,-248.0243377685547,-0.7808732390403748,-0.5180860757827759,0.3490329086780548,-1.4901162970204497e-8,0.5587302446365356,0.8293495178222656,-0.6246896386146545,0.6476168632507324,-0.43629738688468935],"time":0.13175415992736817},{"ShiftLock":true,"VVelocity":[-9.97529411315918,-0.0006676362827420235,12.509664535522461],"AAnimation":{"Name":"WalkAnim","Weight":0},"CCFrame":[127.43879699707031,-16.475547790527345,-240.95404052734376,-0.7798517346382141,-4.3708762831329298e-8,0.6259642243385315,-7.5692419443385e-8,1,-2.447440650144017e-8,-0.6259642243385315,-6.646715888791732e-8,-0.7798517346382141],"CCameraCFrame":[130.7814178466797,-3.9115591049194338,-247.91444396972657,-0.7798523902893066,-0.5191425681114197,0.3497447371482849,1.4901161193847657e-8,0.5587302446365356,0.8293495774269104,-0.6259635090827942,0.6467702388763428,-0.435727059841156],"time":0.13844799995422364},{"ShiftLock":true,"VVelocity":[-10.009774208068848,-0.0006706234416924417,12.482141494750977],"AAnimation":{"Name":"WalkAnim","Weight":0},"CCFrame":[127.35541534423828,-16.47555160522461,-240.84999084472657,-0.777290403842926,-4.107046436274686e-8,0.6291419267654419,-7.260909740125499e-8,1,-2.4426746847439064e-8,-0.6291419267654419,-6.466810731353689e-8,-0.777290403842926],"CCameraCFrame":[130.7680206298828,-3.911561965942383,-247.84878540039063,-0.7772898077964783,-0.5217792391777039,0.3515210449695587,0,0.5587302446365356,0.8293495178222656,-0.6291427612304688,0.6446449160575867,-0.43429526686668398],"time":0.14558672904968263},{"ShiftLock":true,"VVelocity":[-10.045092582702637,-0.0006736106006428599,12.45370101928711],"AAnimation":{"Name":"WalkAnim","Weight":0},"CCFrame":[127.31356048583985,-16.475553512573243,-240.798095703125,-0.7752299308776856,-3.9675935425975697e-8,0.631679117679596,-7.106786625854511e-8,1,-2.4407961873862406e-8,-0.631679117679596,-6.381387152032403e-8,-0.7752299308776856],"CCameraCFrame":[130.7071533203125,-3.9115657806396486,-247.7338104248047,-0.7752296924591065,-0.5238831639289856,0.3529384434223175,0,0.5587301850318909,0.8293495178222656,-0.6316795945167542,0.6429363489151001,-0.43314415216445925],"time":0.15010499954223634},{"ShiftLock":true,"VVelocity":[-10.08370590209961,-0.0006768399616703391,12.422433853149414],"AAnimation":{"Name":"WalkAnim","Weight":0},"CCFrame":[127.27154541015625,-16.475555419921876,-240.746337890625,-0.7736798524856567,-3.8336768426461279e-8,0.6335766911506653,-6.952691933292954e-8,1,-2.439295698763999e-8,-0.6335766911506653,-6.29229788273733e-8,-0.7736798524856567],"CCameraCFrame":[130.68215942382813,-3.911564826965332,-247.67369079589845,-0.7736795544624329,-0.5254570841789246,0.3539985120296478,0,0.558729887008667,0.8293496966362,-0.6335772275924683,0.641650915145874,-0.4322778284549713],"time":0.1564774513244629},{"ShiftLock":true,"VVelocity":[-10.129708290100098,-0.0006807959289290011,12.384997367858887],"AAnimation":{"Name":"WalkAnim","Weight":0},"CCFrame":[127.18718719482422,-16.47555923461914,-240.64308166503907,-0.7705650329589844,-3.566325901260825e-8,0.6373614072799683,-6.644590655469074e-8,1,-2.4378053353757424e-8,-0.6373614072799683,-6.113492645454244e-8,-0.7705650329589844],"CCameraCFrame":[130.6694793701172,-3.9070053100585939,-247.60011291503907,-0.7705652713775635,-0.5288133025169373,0.35578903555870058,0,0.5582220554351807,0.8296916484832764,-0.6373612284660339,0.639331579208374,-0.4301464259624481],"time":0.1622943878173828},{"ShiftLock":true,"VVelocity":[-10.172252655029297,-0.0006844289600849152,12.350025177001954],"AAnimation":{"Name":"WalkAnim","Weight":0},"CCFrame":[127.14480590820313,-16.475561141967775,-240.5916290283203,-0.7674320936203003,-3.418128002863341e-8,0.6411302089691162,-6.490586912377694e-8,1,-2.437814927702675e-8,-0.6411302089691162,-6.032168897718293e-8,-0.7674320936203003],"CCameraCFrame":[130.61431884765626,-3.9024457931518556,-247.47491455078126,-0.767432451248169,-0.5321593880653381,0.35756659507751467,-2.9802322387695315e-8,0.5577132701873779,0.8300337195396423,-0.6411298513412476,0.6369948387145996,-0.42800724506378176],"time":0.16843700408935548},{"ShiftLock":true,"VVelocity":[-10.246006965637207,-0.0006908069481141865,12.288917541503907],"AAnimation":{"Name":"WalkAnim","Weight":0},"CCFrame":[127.05950164794922,-16.475568771362306,-240.48915100097657,-0.7637545466423035,-3.1472783490471559e-8,0.645506739616394,-6.182684586519827e-8,1,-2.439595014891438e-8,-0.645506739616394,-5.854216311718119e-8,-0.7637545466423035],"CCameraCFrame":[130.6021728515625,-3.893339157104492,-247.3933868408203,-0.7637540698051453,-0.5362336039543152,0.35935112833976748,1.4901161193847657e-8,0.5566956400871277,0.8307164907455444,-0.6455073356628418,0.6344630718231201,-0.42517855763435366],"time":0.17472243309020997},{"ShiftLock":true,"VVelocity":[-10.29732608795166,-0.0006951665855012834,12.245884895324707],"AAnimation":{"Name":"WalkAnim","Weight":0},"CCFrame":[127.01659393310547,-16.47557258605957,-240.43812561035157,-0.7600504755973816,-2.9956296998534529e-8,0.6498640179634094,-6.028790267009754e-8,1,-2.4413649768462166e-8,-0.6498640179634094,-5.7734546032861547e-8,-0.7600504755973816],"CCameraCFrame":[130.54689025878907,-3.8842554092407228,-247.26071166992188,-0.7600501179695129,-0.5402961373329163,0.36111509799957278,0,0.5556775331497192,0.8313979506492615,-0.6498646140098572,0.631904125213623,-0.4223426580429077],"time":0.18090224266052247},{"ShiftLock":true,"VVelocity":[-10.383698463439942,-0.0007025941158644855,12.17276382446289],"AAnimation":{"Name":"WalkAnim","Weight":0},"CCFrame":[126.93016052246094,-16.4755802154541,-240.33660888671876,-0.7552524209022522,-2.7169450689257247e-8,0.6554340720176697,-5.721134499481195e-8,1,-2.44716531483391e-8,-0.6554340720176697,-5.598053931521463e-8,-0.7552524209022522],"CCameraCFrame":[130.5447540283203,-3.8751840591430666,-247.173583984375,-0.7552518844604492,-0.5453729033470154,0.363542377948761,2.9802322387695315e-8,0.5546584129333496,0.832078218460083,-0.6554346680641174,0.6284286379814148,-0.4189068078994751],"time":0.18644189834594727},{"ShiftLock":true,"VVelocity":[-10.448232650756836,-0.0007080840296112001,12.117303848266602],"AAnimation":{"Name":"WalkAnim","Weight":0},"CCFrame":[126.88662719726563,-16.475584030151368,-240.28611755371095,-0.7498742938041687,-2.5530933811523938e-8,0.6615803241729736,-5.5673847754178499e-8,1,-2.4513203911169513e-8,-0.6615803241729736,-5.521454227164213e-8,-0.7498742938041687],"CCameraCFrame":[130.4997100830078,-3.8616132736206056,-247.02772521972657,-0.749873697757721,-0.5511605739593506,0.3659392297267914,0,0.5531283617019653,0.8330960273742676,-0.6615810990333557,0.6247168183326721,-0.41477635502815249],"time":0.1921398639678955},{"ShiftLock":true,"VVelocity":[-10.566022872924805,-0.0007181757828220725,12.014758110046387],"AAnimation":{"Name":"WalkAnim","Weight":0},"CCFrame":[126.79871368408203,-16.4755916595459,-240.18588256835938,-0.7466217279434204,-2.289983846992527e-8,0.6652488708496094,-5.260028146381046e-8,1,-2.4611351179260056e-8,-0.6652488708496094,-5.3367646302149299e-8,-0.7466217279434204],"CCameraCFrame":[130.47987365722657,-3.8525819778442385,-246.94947814941407,-0.7466221451759338,-0.55466628074646,0.36728811264038088,0,0.5521067380905151,0.8337733149528503,-0.6652483344078064,0.6225135922431946,-0.41221514344215395],"time":0.1995255947113037},{"ShiftLock":true,"VVelocity":[-10.614742279052735,-0.0007223739521577954,11.971755981445313],"AAnimation":{"Name":"WalkAnim","Weight":0},"CCFrame":[126.75448608398438,-16.475595474243165,-240.13600158691407,-0.7395164370536804,-2.1152262164036985e-8,0.6731384992599487,-5.106459610715319e-8,1,-2.4676715781879467e-8,-0.6731384992599487,-5.262238289560628e-8,-0.7395164370536804],"CCameraCFrame":[130.4441375732422,-3.8345718383789064,-246.79054260253907,-0.7395166754722595,-0.5621538758277893,0.370267778635025,-1.4901162970204497e-8,0.5500620603561401,0.8351238965988159,-0.6731383204460144,0.6175880432128906,-0.40678003430366518],"time":0.20476603507995606},{"ShiftLock":true,"VVelocity":[-10.71191120147705,-0.0007306896150112152,11.884574890136719],"AAnimation":{"Name":"WalkAnim","Weight":0},"CCFrame":[126.70985412597656,-16.47559928894043,-240.08648681640626,-0.7339940071105957,-1.9542357065915895e-8,0.6791559457778931,-4.9529827350625058e-8,1,-2.4754605476573489e-8,-0.6791559457778931,-5.180821105454925e-8,-0.7339940071105957],"CCameraCFrame":[130.4398193359375,-3.821107864379883,-246.6956329345703,-0.7339941263198853,-0.5678649544715881,0.37253469228744509,0,0.5485261082649231,0.8361334800720215,-0.6791558861732483,0.6137170791625977,-0.40261489152908327],"time":0.21107101440429688},{"ShiftLock":true,"VVelocity":[-10.844756126403809,-0.0007421539048664272,11.763687133789063],"AAnimation":{"Name":"WalkAnim","Weight":0},"CCFrame":[126.61962890625,-16.47560691833496,-239.9883270263672,-0.7289818525314331,-1.6802930602466405e-8,0.6845330595970154,-4.6462499625476997e-8,1,-2.4932889530759895e-8,-0.6845330595970154,-4.9980741323452096e-8,-0.7289818525314331],"CCameraCFrame":[130.42926025390626,-3.807680130004883,-246.60389709472657,-0.728982150554657,-0.5730499029159546,0.3744313716888428,-1.4901162970204497e-8,0.5469882488250732,0.8371402621269226,-0.6845327019691467,0.6102603077888489,-0.39874470233917239],"time":0.21674561500549317},{"ShiftLock":true,"VVelocity":[-10.912110328674317,-0.0007479667547158897,11.701204299926758],"AAnimation":{"Name":"WalkAnim","Weight":0},"CCFrame":[126.57416534423828,-16.475610733032228,-239.9395751953125,-0.7239300608634949,-1.5256407692731956e-8,0.6898733377456665,-4.493002236927168e-8,1,-2.5033269679397564e-8,-0.6898733377456665,-4.911836271048742e-8,-0.7239300608634949],"CCameraCFrame":[130.3726806640625,-3.7942981719970705,-246.46334838867188,-0.7239304780960083,-0.5782127976417542,0.37629055976867678,1.4901162970204497e-8,0.5454491376876831,0.8381439447402954,-0.6898729205131531,0.6067579388618469,-0.3948672413825989],"time":0.2225654125213623},{"ShiftLock":true,"VVelocity":[-10.99077033996582,-0.0007548291468992829,11.627256393432618],"AAnimation":{"Name":"WalkAnim","Weight":0},"CCFrame":[126.52837371826172,-16.475614547729493,-239.89112854003907,-0.7194071412086487,-1.3756748629134563e-8,0.6945886611938477,-4.339856118917851e-8,1,-2.514363828254318e-8,-0.6945886611938477,-4.8232660532221419e-8,-0.7194071412086487],"CCameraCFrame":[130.35516357421876,-3.780946731567383,-246.37515258789063,-0.7194072008132935,-0.5828605890274048,0.3777920603752136,-1.4901159417490817e-8,0.5439077019691467,0.8391450643539429,-0.6945886015892029,0.6036869883537293,-0.3912911117076874],"time":0.2285470962524414},{"ShiftLock":true,"VVelocity":[-11.096169471740723,-0.0007638713577762246,11.526931762695313],"AAnimation":{"Name":"WalkAnim","Weight":0},"CCFrame":[126.43602752685547,-16.475622177124025,-239.79495239257813,-0.7159945368766785,-1.1164159374743577e-8,0.6981058716773987,-4.033773848277633e-8,1,-2.537930576806957e-8,-0.6981058716773987,-4.633145778143444e-8,-0.7159945368766785],"CCameraCFrame":[130.3264923095703,-3.767637252807617,-246.29335021972657,-0.7159944772720337,-0.5865088701248169,0.378628134727478,0,0.5423648357391357,0.8401430249214172,-0.6981059908866882,0.6015377640724182,-0.38833022117614748],"time":0.23611760139465333},{"ShiftLock":true,"VVelocity":[-11.159356117248536,-0.0007693612715229392,11.465898513793946],"AAnimation":{"Name":"WalkAnim","Weight":0},"CCFrame":[126.34310913085938,-16.475629806518556,-239.69932556152345,-0.7125642895698547,-8.581891641767925e-9,0.7016068696975708,-3.727941688680403e-8,1,-2.5629864452980656e-8,-0.7016068696975708,-4.4418420941383377e-8,-0.7125642895698547],"CCameraCFrame":[130.25584411621095,-3.7587890625,-246.168701171875,-0.7125644087791443,-0.5899157524108887,0.3798043727874756,1.4901162970204497e-8,0.5413351655006409,0.8408068418502808,-0.7016067504882813,0.5991290211677551,-0.3857361376285553],"time":0.24112367630004884},{"ShiftLock":true,"VVelocity":[-11.200825691223145,-0.0007729135686531663,11.425355911254883],"AAnimation":{"Name":"WalkAnim","Weight":0},"CCFrame":[126.29644012451172,-16.47563362121582,-239.65171813964845,-0.7091175317764282,-7.1869736828489298e-9,0.7050902843475342,-3.575137696998354e-8,1,-2.5762593836020643e-8,-0.7050902843475342,-4.347665338855222e-8,-0.7091175317764282],"CCameraCFrame":[130.1795654296875,-3.7455387115478517,-246.03964233398438,-0.7091174125671387,-0.5935456156730652,0.3805997967720032,-1.4901159417490817e-8,0.5397886037826538,0.8418006300926209,-0.7050904631614685,0.596935510635376,-0.3827735185623169],"time":0.24829530715942384},{"ShiftLock":true,"VVelocity":[-11.251214027404786,-0.0007773539400659502,11.375682830810547],"AAnimation":{"Name":"WalkAnim","Weight":0},"CCFrame":[126.24955749511719,-16.475637435913087,-239.6043243408203,-0.7050746083259583,-5.76138470265164e-9,0.7091331481933594,-3.4224445499830838e-8,1,-2.590402559121685e-8,-0.7091331481933594,-4.25339585774509e-8,-0.7050746083259583],"CCameraCFrame":[130.14955139160157,-3.727931022644043,-245.95057678222657,-0.7050745487213135,-0.5978848934173584,0.381318062543869,0,0.5377241373062134,0.8431207537651062,-0.7091331481933594,0.5944629907608032,-0.3791356384754181],"time":0.25276708602905276},{"ShiftLock":true,"VVelocity":[-11.332783699035645,-0.0007844585343264043,11.294480323791504],"AAnimation":{"Name":"WalkAnim","Weight":0},"CCFrame":[126.15521240234375,-16.475645065307618,-239.51011657714845,-0.7027537226676941,-3.269339909905966e-9,0.7114331722259522,-3.117250813033934e-8,1,-2.619677630377737e-8,-0.7114331722259522,-4.058703950704512e-8,-0.7027537226676941],"CCameraCFrame":[130.1183319091797,-3.7235403060913088,-245.88572692871095,-0.7027540802955627,-0.6000582575798035,0.3821870982646942,0,0.5372075438499451,0.8434501886367798,-0.711432933807373,0.5927380323410034,-0.3775247633457184],"time":0.26031064987182619},{"ShiftLock":true,"VVelocity":[-11.36412239074707,-0.0006886268965899944,11.262969970703125],"AAnimation":{"Name":"WalkAnim","Weight":0},"CCFrame":[126.10786437988281,-16.475648880004884,-239.4631805419922,-0.6992596387863159,-1.8943060453580076e-9,0.7148677706718445,-2.9647763355455937e-8,1,-2.635057860800316e-8,-0.7148677706718445,-3.962012584679542e-8,-0.6992596387863159],"CCameraCFrame":[130.0349884033203,-3.7060184478759767,-245.75318908691407,-0.6992588639259338,-0.6038953065872192,0.3825537860393524,0,0.5351386070251465,0.8447641730308533,-0.7148684859275818,0.59070885181427,-0.3742004632949829],"time":0.26502060890197756},{"ShiftLock":true,"VVelocity":[-11.427522659301758,-0.0006424468592740595,11.198664665222168],"AAnimation":{"Name":"WalkAnim","Weight":0},"CCFrame":[126.01270294189453,-16.47565269470215,-239.36978149414063,-0.6969195008277893,5.867177854668171e-10,0.7171493172645569,-2.6600273983490298e-8,1,-2.6668041996913418e-8,-0.7171493172645569,-3.766184875075851e-8,-0.6969195008277893],"CCameraCFrame":[129.99810791015626,-3.6972837448120119,-245.68389892578126,-0.6969192624092102,-0.6062920689582825,0.383031964302063,-1.4901162970204497e-8,0.534103274345398,0.8454192280769348,-0.7171496152877808,0.5891889333724976,-0.37222689390182497],"time":0.27191948890686037},{"ShiftLock":true,"VVelocity":[-11.456816673278809,-0.0006392982322722673,11.168691635131836],"AAnimation":{"Name":"WalkAnim","Weight":0},"CCFrame":[125.9649658203125,-16.47565460205078,-239.3232421875,-0.6933954358100891,1.9467274459117336e-9,0.7205572724342346,-2.5077815379859204e-8,1,-2.68341882048162e-8,-0.7205572724342346,-3.667670611662288e-8,-0.6933954358100891],"CCameraCFrame":[129.91845703125,-3.684210777282715,-245.55697631835938,-0.6933961510658264,-0.6098787784576416,0.383731484413147,-1.4901161193847657e-8,0.532548725605011,0.8463994264602661,-0.7205566763877869,0.5868901014328003,-0.36926719546318056],"time":0.2770657539367676},{"ShiftLock":true,"VVelocity":[-11.518768310546875,-0.0006409936468116939,11.104793548583985],"AAnimation":{"Name":"WalkAnim","Weight":0},"CCFrame":[125.8690414428711,-16.475658416748048,-239.2306365966797,-0.689856767654419,4.476416126664162e-9,0.7239459156990051,-2.2035536062503526e-8,1,-2.718128477852133e-8,-0.7239459156990051,-3.4703727891383099e-8,-0.689856767654419],"CCameraCFrame":[129.88595581054688,-3.6711740493774416,-245.47691345214845,-0.6898568868637085,-0.6134548187255859,0.38440951704978945,2.9802322387695315e-8,0.5309921503067017,0.847376823425293,-0.7239457368850708,0.5845687389373779,-0.3663085401058197],"time":0.2831993103027344},{"ShiftLock":true,"VVelocity":[-11.558996200561524,-0.0005427399883046746,11.0628662109375],"AAnimation":{"Name":"WalkAnim","Weight":0},"CCFrame":[125.82087707519531,-16.47566032409668,-239.18453979492188,-0.6863001585006714,5.821090276469931e-9,0.7273184657096863,-2.0515750875915729e-8,1,-2.736222626253948e-8,-0.7273184657096863,-3.370018220039128e-8,-0.6863001585006714],"CCameraCFrame":[129.81005859375,-3.6625051498413088,-245.35549926757813,-0.6863007545471191,-0.6167851686477661,0.38544440269470217,0,0.5299531817436218,0.8480269312858582,-0.7273178696632385,0.5820015072822571,-0.3637072443962097],"time":0.28947949409484866},{"ShiftLock":true,"VVelocity":[-11.607802391052246,-0.0005077013047412038,11.011582374572754],"AAnimation":{"Name":"WalkAnim","Weight":0},"CCFrame":[125.77251434326172,-16.475662231445314,-239.13865661621095,-0.6821311712265015,7.188023509741015e-9,0.7312297821044922,-1.8997349471305826e-8,1,-2.755181505165183e-8,-0.7312297821044922,-3.268538151246503e-8,-0.6821311712265015],"CCameraCFrame":[129.78164672851563,-3.6495351791381838,-245.2725830078125,-0.6821314096450806,-0.6208134293556213,0.3863772451877594,2.980232594040899e-8,0.5283938646316528,0.8489993214607239,-0.7312296032905579,0.5791290998458862,-0.36043399572372439],"time":0.2953147888183594},{"ShiftLock":true,"VVelocity":[-11.686755180358887,-0.0004924425156787038,10.927809715270996],"AAnimation":{"Name":"WalkAnim","Weight":0},"CCFrame":[125.67520904541016,-16.475666046142579,-239.04750061035157,-0.678538978099823,9.696149660953779e-9,0.7345644235610962,-1.5963417254738489e-8,1,-2.7945745273427748e-8,-0.7345644235610962,-3.0688436680748057e-8,-0.678538978099823],"CCameraCFrame":[129.75286865234376,-3.6409072875976564,-245.1977996826172,-0.6785390377044678,-0.6241198778152466,0.3873748481273651,0,0.5273531675338745,0.8496462106704712,-0.7345644235610962,0.5765181183815002,-0.3578297197818756],"time":0.3025949001312256},{"ShiftLock":true,"VVelocity":[-11.743709564208985,-0.0004926847177557647,10.8666353225708],"AAnimation":{"Name":"WalkAnim","Weight":0},"CCFrame":[125.57740783691406,-16.475669860839845,-238.95687866210938,-0.673122227191925,1.2268427163064644e-8,0.7395312786102295,-1.293375540001307e-8,1,-2.836178403242684e-8,-0.7395312786102295,-2.865586345990323e-8,-0.673122227191925],"CCameraCFrame":[129.67942810058595,-3.623706817626953,-245.0585174560547,-0.6731215715408325,-0.629294216632843,0.3884536623954773,1.4901161193847657e-8,0.5252696871757507,0.8509358167648315,-0.739531934261322,0.5727832317352295,-0.3535703122615814],"time":0.30820250511169436},{"ShiftLock":true,"VVelocity":[-11.799209594726563,-0.8179926872253418,10.806203842163086],"AAnimation":{"Name":"WalkAnim","Weight":0},"CCFrame":[125.52824401855469,-16.47907829284668,-238.91184997558595,-0.6694888472557068,1.3581881397328744e-8,0.7428221106529236,-1.1420448586818566e-8,1,-2.8577156641063085e-8,-0.7428221106529236,-2.7615449482709665e-8,-0.6694888472557068],"CCameraCFrame":[129.6007080078125,-3.615133285522461,-244.93887329101563,-0.6694889068603516,-0.6325715780258179,0.389407217502594,0,0.5242267847061157,0.8515787720680237,-0.7428221702575684,0.5701225399971008,-0.3509639799594879],"time":0.3134346008300781},{"ShiftLock":true,"VVelocity":[-11.873067855834961,-2.4529926776885988,10.725093841552735],"AAnimation":{"Name":"WalkAnim","Weight":0},"CCFrame":[125.42938995361328,-16.49611473083496,-238.82237243652345,-0.6670584678649902,1.6017530413137139e-8,0.7450053691864014,-8.39622682491381e-9,1,-2.901764872831336e-8,-0.7450053691864014,-2.5611701204297789e-8,-0.6670584678649902],"CCameraCFrame":[129.56588745117188,-3.614259719848633,-244.8760223388672,-0.6670583486557007,-0.6346699595451355,0.39016303420066836,0,0.5237049460411072,0.8518997430801392,-0.7450054883956909,0.5682668089866638,-0.3493417501449585],"time":0.32004475593566897},{"ShiftLock":true,"VVelocity":[-11.90245532989502,-0.9200811386108398,10.692493438720704],"AAnimation":{"Name":"WalkAnim","Weight":0},"CCFrame":[125.37979888916016,-16.499948501586915,-238.77781677246095,-0.6633999943733215,1.7315208822310525e-8,0.7482649683952332,-6.885696457459289e-9,1,-2.9245228461149965e-8,-0.7482649683952332,-2.455360892383851e-8,-0.6633999943733215],"CCameraCFrame":[129.48577880859376,-3.62274169921875,-244.7574462890625,-0.6633989810943604,-0.6379272937774658,0.39108893275260928,0,0.5226603746414185,0.8525409698486328,-0.7482658624649048,0.5655748248100281,-0.34673234820365908],"time":0.3265104293823242},{"ShiftLock":true,"VVelocity":[-11.962438583374024,-0.12967531383037568,10.625367164611817],"AAnimation":{"Name":"WalkAnim","Weight":0},"CCFrame":[125.28018188476563,-16.50192642211914,-238.689208984375,-0.6597234010696411,1.9779379911710749e-8,0.7515084743499756,-3.867873132890054e-9,1,-2.971504287074822e-8,-0.7515084743499756,-2.251044861623086e-8,-0.6597234010696411],"CCameraCFrame":[129.44952392578126,-3.6137819290161135,-244.67913818359376,-0.6597241163253784,-0.6414119601249695,0.3916054368019104,0,0.52109295129776,0.8534999489784241,-0.7515079379081726,0.56307452917099,-0.3437775671482086],"time":0.3319859504699707},{"ShiftLock":true,"VVelocity":[-12.000993728637696,-0.048733897507190707,10.581753730773926],"AAnimation":{"Name":"WalkAnim","Weight":0},"CCFrame":[125.23017883300781,-16.50212860107422,-238.64511108398438,-0.6584967970848084,2.0987691584650748e-8,0.7525835037231445,-2.3598307752337179e-9,1,-2.9952335722782666e-8,-0.7525835037231445,-2.149948663543455e-8,-0.6584967970848084],"CCameraCFrame":[129.35427856445313,-3.6115055084228517,-244.57928466796876,-0.6584960222244263,-0.6425706148147583,0.3917728662490845,0,0.5205701589584351,0.8538188338279724,-0.7525842785835266,0.5622363090515137,-0.34279337525367739],"time":0.3389246463775635},{"ShiftLock":true,"VVelocity":[-12.026214599609375,-0.01838109642267227,10.553117752075196],"AAnimation":{"Name":"WalkAnim","Weight":0},"CCFrame":[125.18006896972656,-16.50220489501953,-238.60113525390626,-0.6547985672950745,2.226423490014895e-8,0.7558034062385559,-8.532926032422949e-10,1,-3.019696492856383e-8,-0.7558034062385559,-2.04178522977827e-8,-0.6547985672950745],"CCameraCFrame":[129.31727600097657,-3.59896183013916,-244.5014190673828,-0.6547995805740356,-0.646040678024292,0.39226147532463076,0,0.5189999341964722,0.8547742962837219,-0.7558026313781738,0.5597058534622192,-0.3398408889770508],"time":0.3438758850097656},{"ShiftLock":true,"VVelocity":[-12.08347225189209,-0.002731149550527334,10.487525939941407],"AAnimation":{"Name":"WalkAnim","Weight":0},"CCFrame":[125.07943725585938,-16.50224494934082,-238.51365661621095,-0.6535651683807373,2.4639497553380353e-8,0.7568702101707459,2.158017098352616e-9,1,-3.0690983976455757e-8,-0.7568702101707459,-1.8425220460471793e-8,-0.6535651683807373],"CCameraCFrame":[129.27142333984376,-3.5948009490966799,-244.4462127685547,-0.6535643935203552,-0.6471942067146301,0.39241957664489748,2.980232594040899e-8,0.5184762477874756,0.85509192943573,-0.7568709254264832,0.5588576197624207,-0.33885762095451357],"time":0.35029101371765139},{"ShiftLock":true,"VVelocity":[-12.100011825561524,-0.0011307528475299478,10.468465805053711],"AAnimation":{"Name":"WalkAnim","Weight":0},"CCFrame":[125.02902221679688,-16.502248764038087,-238.47003173828126,-0.6510877013206482,2.5870214415135707e-8,0.7590025067329407,3.6623732935225918e-9,1,-3.0942832296432246e-8,-0.7590025067329407,-1.7366748039648884e-8,-0.6510877013206482],"CCameraCFrame":[129.1845703125,-3.590604782104492,-244.3407745361328,-0.6510875225067139,-0.6492580771446228,0.39312732219696047,0,0.5179525017738342,0.8554094433784485,-0.759002685546875,0.5569463968276978,-0.33723241090774538],"time":0.35662102699279787},{"ShiftLock":true,"VVelocity":[-12.137850761413575,-0.0003060516610275954,10.424581527709961],"AAnimation":{"Name":"WalkAnim","Weight":0},"CCFrame":[124.92791748046875,-16.50225257873535,-238.3831024169922,-0.648604154586792,2.8267312046637018e-8,0.761125922203064,6.668456897784836e-9,1,-3.145619231759156e-8,-0.761125922203064,-1.5327081825944334e-8,-0.648604154586792],"CCameraCFrame":[129.1425323486328,-3.5821533203125,-244.27464294433595,-0.6486037969589233,-0.6515569090843201,0.39342939853668215,0,0.5169042348861694,0.85604327917099,-0.7611261606216431,0.5552329421043396,-0.3352660536766052],"time":0.3626079559326172},{"ShiftLock":true,"VVelocity":[-12.162956237792969,-0.81780606508255,10.395256042480469],"AAnimation":{"Name":"WalkAnim","Weight":0},"CCFrame":[124.87723541259766,-16.505661010742189,-238.33978271484376,-0.6461135149002075,2.9487114971971097e-8,0.7632412910461426,8.170170318066994e-9,1,-3.1717696913347029e-8,-0.7632412910461426,-1.4257422797925301e-8,-0.6461135149002075],"CCameraCFrame":[129.04434204101563,-3.569504737854004,-244.16067504882813,-0.646113395690918,-0.6540915966033936,0.39332136511802676,1.4901162970204497e-8,0.5153302550315857,0.8569916486740112,-0.7632415294647217,0.5