[{"ShiftLock":false,"VVelocity":[-2.2782842279411853e-10,0.00005194858385948464,1.610089839232387e-10],"AAnimation":{"Name":"Idle","Weight":0},"CCFrame":[128.6337432861328,-16.475492477416993,-242.58189392089845,-0.6479808688163757,1.6840220329328304e-9,0.761656641960144,1.8497096909708689e-10,1,-2.0536345957111736e-9,-0.761656641960144,-1.1898315666059034e-9,-0.6479808688163757],"CCameraCFrame":[133.87533569335938,-3.5469751358032228,-247.0411834716797,-0.6479806900024414,-0.6524919867515564,0.39290615916252139,0,0.5158572196960449,0.8566745519638062,-0.7616567611694336,0.5551085472106934,-0.3342655301094055],"time":0},{"ShiftLock":false,"VVelocity":[1.1339945793151856,0.00005194858385948464,5.0238566398620609],"AAnimation":{"Name":"Idle","Weight":0},"CCFrame":[128.64083862304688,-16.475492477416993,-242.5504913330078,-0.9988484978675842,-5.46982148463826e-9,0.047975245863199237,-4.835476907771863e-9,1,1.3338413928920545e-8,-0.047975245863199237,1.3091072226245615e-8,-0.9988484978675842],"CCameraCFrame":[131.6919708251953,-0.4717578887939453,-229.0332489013672,0.9754588007926941,-0.15902332961559297,0.15228885412216187,-7.450580596923828e-9,0.691648542881012,0.7222343683242798,-0.22018244862556458,-0.7045098543167114,0.6746745705604553],"time":0.009613990783691407},{"ShiftLock":false,"VVelocity":[2.26798939704895,0.00005194858385948464,10.047713279724121],"AAnimation":{"Name":"WalkAnim","Weight":0},"CCFrame":[128.6597442626953,-16.475492477416993,-242.46676635742188,-0.9995211958885193,-1.1101689345593968e-8,0.03094176948070526,-1.0223125457287097e-8,1,2.8552308961593554e-8,-0.03094176948070526,2.8222316927895009e-8,-0.9995211958885193],"CCameraCFrame":[131.69906616210938,-0.4717578887939453,-229.00184631347657,0.9754588007926941,-0.15902332961559297,0.15228885412216187,-7.450580596923828e-9,0.691648542881012,0.7222343683242798,-0.22018244862556458,-0.7045098543167114,0.6746745705604553],"time":0.012154817581176758},{"ShiftLock":false,"VVelocity":[2.26798939704895,0.00005194858385948464,10.047713279724121],"AAnimation":{"Name":"WalkAnim","Weight":0},"CCFrame":[128.6597442626953,-16.475492477416993,-242.46676635742188,-0.9995211958885193,-1.1101689345593968e-8,0.03094176948070526,-1.0223125457287097e-8,1,2.8552308961593554e-8,-0.03094176948070526,2.8222316927895009e-8,-0.9995211958885193],"CCameraCFrame":[131.7179718017578,-0.4717578887939453,-228.91812133789063,0.9754588007926941,-0.15902332961559297,0.15228885412216187,-7.450580596923828e-9,0.691648542881012,0.7222343683242798,-0.22018244862556458,-0.7045098543167114,0.6746745705604553],"time":0.018450498580932618},{"ShiftLock":false,"VVelocity":[3.264944314956665,0.00008876343781594187,14.464451789855957],"AAnimation":{"Name":"WalkAnim","Weight":0},"CCFrame":[128.68695068359376,-16.475492477416993,-242.34622192382813,-0.9999011754989624,-1.654274939255629e-8,0.014059698209166527,-1.5931442831629284e-8,1,4.359131011710815e-8,-0.014059698209166527,4.336300918339475e-8,-0.9999011754989624],"CCameraCFrame":[131.7179718017578,-0.4717578887939453,-228.91812133789063,0.9754588007926941,-0.15902332961559297,0.15228885412216187,-7.450580596923828e-9,0.691648542881012,0.7222343683242798,-0.22018244862556458,-0.7045098543167114,0.6746745705604553],"time":0.022591352462768556},{"ShiftLock":false,"VVelocity":[3.4866411685943605,0.0001730500953271985,15.446619987487793],"AAnimation":{"Name":"WalkAnim","Weight":0},"CCFrame":[128.71600341796876,-16.47549057006836,-242.21749877929688,-0.9999982714653015,-2.179697844439943e-8,-0.0018615663284435869,-2.1905862013227307e-8,1,5.8470082109352009e-8,0.0018615663284435869,5.851076068097427e-8,-0.9999982714653015],"CCameraCFrame":[131.74517822265626,-0.4717578887939453,-228.79757690429688,0.9754588007926941,-0.15902332961559297,0.15228885412216187,-7.450580596923828e-9,0.691648542881012,0.7222343683242798,-0.22018244862556458,-0.7045098543167114,0.6746745705604553],"time":0.028876543045043947},{"ShiftLock":false,"VVelocity":[3.517817258834839,0.00023440818767994642,15.584737777709961],"AAnimation":{"Name":"WalkAnim","Weight":0},"CCFrame":[128.7453155517578,-16.475488662719728,-242.08763122558595,-0.9998599290847778,-2.6875934366898947e-8,-0.016737602651119233,-2.8105098692776666e-8,1,7.320212347394772e-8,0.016737602651119233,7.366227805505332e-8,-0.9998599290847778],"CCameraCFrame":[131.77423095703126,-0.4717559814453125,-228.66885375976563,0.9754588007926941,-0.15902332961559297,0.15228885412216187,-7.450580596923828e-9,0.691648542881012,0.7222343683242798,-0.22018244862556458,-0.7045098543167114,0.6746745705604553],"time":0.03483915328979492},{"ShiftLock":false,"VVelocity":[3.517817258834839,0.00023440818767994642,15.584737777709961],"AAnimation":{"Name":"WalkAnim","Weight":0},"CCFrame":[128.7453155517578,-16.475488662719728,-242.08763122558595,-0.9998599290847778,-2.6875934366898947e-8,-0.016737602651119233,-2.8105098692776666e-8,1,7.320212347394772e-8,0.016737602651119233,7.366227805505332e-8,-0.9998599290847778],"CCameraCFrame":[131.8035430908203,-0.4717540740966797,-228.5389862060547,0.9754588007926941,-0.15902332961559297,0.15228885412216187,-7.450580596923828e-9,0.691648542881012,0.7222343683242798,-0.22018244862556458,-0.7045098543167114,0.6746745705604553],"time":0.04141545295715332},{"ShiftLock":false,"VVelocity":[3.5222015380859377,0.00028930752887390554,15.60416030883789],"AAnimation":{"Name":"WalkAnim","Weight":0},"CCFrame":[128.77467346191407,-16.475486755371095,-241.9575958251953,-0.9995313882827759,-3.1791749677267947e-8,-0.0306102205067873,-3.4495489131813886e-8,1,8.779986160334374e-8,0.0306102205067873,8.881463031684689e-8,-0.9995313882827759],"CCameraCFrame":[131.8035430908203,-0.4717540740966797,-228.5389862060547,0.9754588007926941,-0.15902332961559297,0.15228885412216187,-7.450580596923828e-9,0.691648542881012,0.7222343683242798,-0.22018244862556458,-0.7045098543167114,0.6746745705604553],"time":0.04660749435424805},{"ShiftLock":false,"VVelocity":[3.522818088531494,0.0003421077854000032,15.606891632080079],"AAnimation":{"Name":"WalkAnim","Weight":0},"CCFrame":[128.8040313720703,-16.47548484802246,-241.82754516601563,-0.9990516304969788,-3.6555942273253098e-8,-0.043540652841329578,-4.104799344872845e-8,1,1.0227508795424001e-7,0.043540652841329578,1.0396535543577557e-7,-0.9990516304969788],"CCameraCFrame":[131.83290100097657,-0.4717521667480469,-228.40895080566407,0.9754588007926941,-0.15902332961559297,0.15228885412216187,-7.450580596923828e-9,0.691648542881012,0.7222343683242798,-0.22018244862556458,-0.7045098543167114,0.6746745705604553],"time":0.053121089935302737},{"ShiftLock":false,"VVelocity":[3.522818088531494,0.0003421077854000032,15.606891632080079],"AAnimation":{"Name":"WalkAnim","Weight":0},"CCFrame":[128.8040313720703,-16.47548484802246,-241.82754516601563,-0.9990516304969788,-3.6555942273253098e-8,-0.043540652841329578,-4.104799344872845e-8,1,1.0227508795424001e-7,0.043540652841329578,1.0396535543577557e-7,-0.9990516304969788],"CCameraCFrame":[131.8622589111328,-0.47175025939941409,-228.27890014648438,0.9754588007926941,-0.15902332961559297,0.15228885412216187,-7.450580596923828e-9,0.691648542881012,0.7222343683242798,-0.22018244862556458,-0.7045098543167114,0.6746745705604553],"time":0.05947756767272949},{"ShiftLock":false,"VVelocity":[3.522904872894287,0.000394423637771979,15.60727596282959],"AAnimation":{"Name":"WalkAnim","Weight":0},"CCFrame":[128.83338928222657,-16.475481033325197,-241.69747924804688,-0.998453676700592,-4.117923424473702e-8,-0.055590514093637469,-4.773707829031082e-8,1,1.1663905752357096e-7,0.055590514093637469,1.1911242125961508e-7,-0.998453676700592],"CCameraCFrame":[131.8622589111328,-0.47175025939941409,-228.27890014648438,0.9754588007926941,-0.15902332961559297,0.15228885412216187,-7.450580596923828e-9,0.691648542881012,0.7222343683242798,-0.22018244862556458,-0.7045098543167114,0.6746745705604553],"time":0.06555557250976563},{"ShiftLock":false,"VVelocity":[3.5229175090789797,0.00037310976767912507,15.607328414916993],"AAnimation":{"Name":"WalkAnim","Weight":0},"CCFrame":[128.8627471923828,-16.47547721862793,-241.56741333007813,-0.9977651238441467,-3.390438507722138e-8,-0.06681846082210541,-4.0443048021643338e-8,1,9.650442933661907e-8,0.06681846082210541,9.899109443267662e-8,-0.9977651238441467],"CCameraCFrame":[131.89161682128907,-0.47174644470214846,-228.14883422851563,0.9754588007926941,-0.15902332961559297,0.15228885412216187,-7.450580596923828e-9,0.691648542881012,0.7222343683242798,-0.22018244862556458,-0.7045098543167114,0.6746745705604553],"time":0.07131290435791016},{"ShiftLock":false,"VVelocity":[3.522918701171875,0.00036665101652033627,15.60733699798584],"AAnimation":{"Name":"WalkAnim","Weight":0},"CCFrame":[128.89210510253907,-16.475473403930665,-241.43734741210938,-0.9970094561576843,-2.679124122551002e-8,-0.0772797092795372,-3.280668892102767e-8,1,7.657039446939962e-8,0.0772797092795372,7.887669539741182e-8,-0.9970094561576843],"CCameraCFrame":[131.9209747314453,-0.4717426300048828,-228.01876831054688,0.9754588007926941,-0.15902332961559297,0.15228885412216187,-7.450580596923828e-9,0.691648542881012,0.7222343683242798,-0.22018244862556458,-0.7045098543167114,0.6746745705604553],"time":0.07769775390625},{"ShiftLock":false,"VVelocity":[3.522918701171875,0.00036665101652033627,15.60733699798584],"AAnimation":{"Name":"WalkAnim","Weight":0},"CCFrame":[128.89210510253907,-16.475473403930665,-241.43734741210938,-0.9970094561576843,-2.679124122551002e-8,-0.0772797092795372,-3.280668892102767e-8,1,7.657039446939962e-8,0.0772797092795372,7.887669539741182e-8,-0.9970094561576843],"CCameraCFrame":[131.95033264160157,-0.4717388153076172,-227.88870239257813,0.9754588007926941,-0.15902332961559297,0.15228885412216187,-7.450580596923828e-9,0.691648542881012,0.7222343683242798,-0.22018244862556458,-0.7045098543167114,0.6746745705604553],"time":0.08361029624938965},{"ShiftLock":false,"VVelocity":[3.522918939590454,0.0003280600067228079,15.607338905334473],"AAnimation":{"Name":"WalkAnim","Weight":0},"CCFrame":[128.9214630126953,-16.47547149658203,-241.30728149414063,-0.9962060451507568,-1.9828496178320166e-8,-0.0870257318019867,-2.486786065958313e-8,1,5.682264614392807e-8,0.0870257318019867,5.877120301533978e-8,-0.9962060451507568],"CCameraCFrame":[131.95033264160157,-0.4717388153076172,-227.88870239257813,0.9754588007926941,-0.15902332961559297,0.15228885412216187,-7.450580596923828e-9,0.691648542881012,0.7222343683242798,-0.22018244862556458,-0.7045098543167114,0.6746745705604553],"time":0.08880829811096192},{"ShiftLock":false,"VVelocity":[3.522918939590454,0.0003535720461513847,15.607338905334473],"AAnimation":{"Name":"WalkAnim","Weight":0},"CCFrame":[128.95082092285157,-16.475467681884767,-241.17721557617188,-0.9953711628913879,-1.3005412746736056e-8,-0.09610539674758911,-1.6662113466736629e-8,1,3.7246465467433157e-8,0.09610539674758911,3.8675370461760397e-8,-0.9953711628913879],"CCameraCFrame":[131.97056579589845,-0.4802522659301758,-227.74746704101563,0.9756383895874023,-0.15835464000701905,0.1518346220254898,0,0.6920909881591797,0.7218103408813477,-0.21938538551330567,-0.7042258977890015,0.6752303838729858],"time":0.09651041030883789},{"ShiftLock":false,"VVelocity":[3.522918939590454,0.0003535720461513847,15.607338905334473],"AAnimation":{"Name":"WalkAnim","Weight":0},"CCFrame":[128.95082092285157,-16.475467681884767,-241.17721557617188,-0.9953711628913879,-1.3005412746736056e-8,-0.09610539674758911,-1.6662113466736629e-8,1,3.7246465467433157e-8,0.09610539674758911,3.8675370461760397e-8,-0.9953711628913879],"CCameraCFrame":[131.96861267089845,-0.48876190185546877,-227.60130310058595,0.976172924041748,-0.15653663873672486,0.1502755731344223,0,0.6925328373908997,0.7213863730430603,-0.21699416637420655,-0.7041978240013123,0.676031768321991],"time":0.10057663917541504},{"ShiftLock":false,"VVelocity":[3.4790799617767336,0.00036099960561841726,15.617159843444825],"AAnimation":{"Name":"WalkAnim","Weight":0},"CCFrame":[128.9798126220703,-16.4754638671875,-241.0470733642578,-0.9945371150970459,-6.311828393279484e-9,-0.10438353568315506,-8.217811320321289e-9,1,1.7829428600180109e-8,0.10438353568315506,1.8589830119708496e-8,-0.9945371150970459],"CCameraCFrame":[131.95751953125,-0.48876094818115237,-227.59884643554688,0.976349949836731,-0.15596115589141847,0.1497231125831604,-7.450580596923828e-9,0.6925328373908997,0.7213864326477051,-0.21619641780853272,-0.7043256163597107,0.6761543154716492],"time":0.10772395133972168},{"ShiftLock":false,"VVelocity":[3.4619462490081789,0.00039991355151869357,15.620973587036133],"AAnimation":{"Name":"WalkAnim","Weight":0},"CCFrame":[129.0086669921875,-16.475460052490236,-240.91690063476563,-0.9937061667442322,2.6364738170414628e-10,-0.11201826483011246,4.2828757207402648e-10,1,-1.4456372765536685e-9,0.11201826483011246,-1.4845168427868317e-9,-0.9937061667442322],"CCameraCFrame":[131.9662322998047,-0.49727725982666018,-227.4551544189453,0.9767017960548401,-0.15471915900707246,0.14871299266815186,-7.4505797087454088e-9,0.6929745078086853,0.7209621667861939,-0.21460093557834626,-0.7041650414466858,0.67682945728302],"time":0.1139066219329834},{"ShiftLock":false,"VVelocity":[3.4375991821289064,0.0003745629801414907,15.626349449157715],"AAnimation":{"Name":"WalkAnim","Weight":0},"CCFrame":[129.0373077392578,-16.47545623779297,-240.78668212890626,-0.9928910136222839,6.730378920849489e-9,-0.1190270185470581,9.247235865927906e-9,1,-2.0592915817019276e-8,0.1190270185470581,-2.1547192474713485e-8,-0.9928910136222839],"CCameraCFrame":[131.9747772216797,-0.505803108215332,-227.3114471435547,0.9770510196685791,-0.15347839891910554,0.14770139753818513,0,0.6934159994125366,0.7205374240875244,-0.2130054533481598,-0.7040018439292908,0.6775028109550476],"time":0.12055754661560059},{"ShiftLock":false,"VVelocity":[3.4375991821289064,0.0003745629801414907,15.626349449157715],"AAnimation":{"Name":"WalkAnim","Weight":0},"CCFrame":[129.0373077392578,-16.47545623779297,-240.78668212890626,-0.9928910136222839,6.730378920849489e-9,-0.1190270185470581,9.247235865927906e-9,1,-2.0592915817019276e-8,0.1190270185470581,-2.1547192474713485e-8,-0.9928910136222839],"CCameraCFrame":[131.98306274414063,-0.5143318176269531,-227.16773986816407,0.9773977398872376,-0.1522383987903595,0.14668779075145722,-7.450581485102248e-9,0.6938573718070984,0.7201125025749207,-0.21140918135643006,-0.7038363218307495,0.6781744956970215],"time":0.1257615089416504},{"ShiftLock":false,"VVelocity":[3.3902883529663088,0.00036713542067445815,15.636672019958496],"AAnimation":{"Name":"WalkAnim","Weight":0},"CCFrame":[129.06556701660157,-16.475452423095704,-240.6563720703125,-0.9921115636825562,1.309754438238997e-8,-0.12535804510116578,1.8208877961001236e-8,1,-3.9628005765735e-8,0.12535804510116578,-4.159803523862138e-8,-0.9921115636825562],"CCameraCFrame":[131.98306274414063,-0.5143318176269531,-227.16773986816407,0.9773977398872376,-0.1522383987903595,0.14668779075145722,-7.450581485102248e-9,0.6938573718070984,0.7201125025749207,-0.21140918135643006,-0.7038363218307495,0.6781744956970215],"time":0.13232207298278809},{"ShiftLock":false,"VVelocity":[3.3836350440979006,0.0003648748679552227,15.638123512268067],"AAnimation":{"Name":"WalkAnim","Weight":0},"CCFrame":[129.09376525878907,-16.475448608398439,-240.5260467529297,-0.9913531541824341,1.9374471804667338e-8,-0.13122108578681947,2.729496273445875e-8,1,-5.8561255400491066e-8,0.13122108578681947,-6.163656252056171e-8,-0.9913531541824341],"CCameraCFrame":[131.9890594482422,-0.5143308639526367,-227.0326385498047,0.9777418375015259,-0.15108801424503327,0.14557939767837525,0,0.6938573718070984,0.7201123833656311,-0.2098117172718048,-0.7040839791297913,0.6784133315086365],"time":0.1379098892211914},{"ShiftLock":false,"VVelocity":[3.3836350440979006,0.0003648748679552227,15.638123512268067],"AAnimation":{"Name":"WalkAnim","Weight":0},"CCFrame":[129.09376525878907,-16.475448608398439,-240.5260467529297,-0.9913531541824341,1.9374471804667338e-8,-0.13122108578681947,2.729496273445875e-8,1,-5.8561255400491066e-8,0.13122108578681947,-6.163656252056171e-8,-0.9913531541824341],"CCameraCFrame":[132.0079803466797,-0.522862434387207,-226.89126586914063,0.9779128432273865,-0.15042422711849214,0.14511756598949433,7.450580596923828e-9,0.6942983269691467,0.7196873426437378,-0.20901329815387727,-0.7037914991378784,0.6789631843566895],"time":0.14315152168273927},{"ShiftLock":false,"VVelocity":[3.3497564792633058,0.00032741413451731205,15.645411491394043],"AAnimation":{"Name":"WalkAnim","Weight":0},"CCFrame":[129.12167358398438,-16.475446701049806,-240.3956756591797,-0.9906342029571533,2.5568056116753725e-8,-0.1365424543619156,3.64790366802481e-8,1,-7.740687379964584e-8,0.1365424543619156,-8.166284004573754e-8,-0.9906342029571533],"CCameraCFrame":[131.98570251464845,-0.522862434387207,-226.88653564453126,0.9782528877258301,-0.14927458763122559,0.14400850236415864,0,0.6942983865737915,0.7196873426437378,-0.2074158787727356,-0.7040362358093262,0.6791993379592896],"time":0.15005779266357423},{"ShiftLock":false,"VVelocity":[3.3230276107788088,0.0003532491100486368,15.651111602783204],"AAnimation":{"Name":"WalkAnim","Weight":0},"CCFrame":[129.1493682861328,-16.47544288635254,-240.26524353027345,-0.9899545907974243,3.168590723134912e-8,-0.1413855254650116,4.5743245635776478e-8,1,-9.617551910423572e-8,0.1413855254650116,-1.0167683228701208e-7,-0.9899545907974243],"CCameraCFrame":[132.0024871826172,-0.5228662490844727,-226.75379943847657,0.9784219264984131,-0.14869964122772218,0.143453910946846,7.450581485102248e-9,0.694298505783081,0.7196870446205139,-0.2066170871257782,-0.7041575908660889,0.6793168187141419],"time":0.15572500228881837},{"ShiftLock":false,"VVelocity":[3.3082852363586427,0.0003241847443860024,15.6542387008667],"AAnimation":{"Name":"WalkAnim","Weight":0},"CCFrame":[129.17694091796876,-16.475440979003908,-240.13479614257813,-0.9893092513084412,3.77346829338876e-8,-0.14583276212215424,5.507598643816891e-8,1,-1.1487470885640505e-7,0.14583276212215424,-1.2167849661182118e-7,-0.9893092513084412],"CCameraCFrame":[132.02085876464845,-0.5314092636108398,-226.6123504638672,0.9785903096199036,-0.14803706109523774,0.14298996329307557,0,0.6947394013404846,0.7192614674568176,-0.20581814646720887,-0.7038623094558716,0.6798651814460754],"time":0.16181206703186036},{"ShiftLock":false,"VVelocity":[3.2952263355255129,0.0003890951629728079,15.656993865966797],"AAnimation":{"Name":"WalkAnim","Weight":0},"CCFrame":[129.20440673828126,-16.47543716430664,-240.0043182373047,-0.9886981248855591,3.2094476409838538e-8,-0.14992019534111024,4.728808278287033e-8,1,-9.777976828218016e-8,0.14992019534111024,-1.0376410841672623e-7,-0.9886981248855591],"CCameraCFrame":[132.0372772216797,-0.5314044952392578,-226.4795684814453,0.9787580370903015,-0.14746229350566865,0.14243477582931519,-7.450580596923828e-9,0.6947394609451294,0.7192615866661072,-0.2050189971923828,-0.7039830684661865,0.6799817681312561],"time":0.16871142387390138},{"ShiftLock":false,"VVelocity":[3.2952263355255129,0.0003890951629728079,15.656993865966797],"AAnimation":{"Name":"WalkAnim","Weight":0},"CCFrame":[129.20440673828126,-16.47543716430664,-240.0043182373047,-0.9886981248855591,3.2094476409838538e-8,-0.14992019534111024,4.728808278287033e-8,1,-9.777976828218016e-8,0.14992019534111024,-1.0376410841672623e-7,-0.9886981248855591],"CCameraCFrame":[132.0535888671875,-0.5314035415649414,-226.3467559814453,0.9789251089096069,-0.1468873769044876,0.14187949895858766,0,0.6947394609451294,0.7192614674568176,-0.2042197287082672,-0.7041031122207642,0.6800978779792786],"time":0.17379140853881837},{"ShiftLock":false,"VVelocity":[3.2714123725891115,0.0003713336191140115,15.661983489990235],"AAnimation":{"Name":"WalkAnim","Weight":0},"CCFrame":[129.23167419433595,-16.475433349609376,-239.87379455566407,-0.9881285429000855,2.6506601358278205e-8,-0.15362925827503205,3.9382594962944498e-8,1,-8.076889201902304e-8,0.15362925827503205,-8.586037125724033e-8,-0.9881285429000855],"CCameraCFrame":[132.0424346923828,-0.5314035415649414,-226.3444366455078,0.9790917634963989,-0.14631187915802003,0.14132361114025117,-7.450581485102248e-9,0.694739580154419,0.7192614674568176,-0.20341959595680238,-0.7042229771614075,0.6802136898040772],"time":0.18020987510681153},{"ShiftLock":false,"VVelocity":[3.257061243057251,0.00032935175113379955,15.664976119995118],"AAnimation":{"Name":"WalkAnim","Weight":0},"CCFrame":[129.25881958007813,-16.475431442260743,-239.74325561523438,-0.9875949621200562,2.09663912897895e-8,-0.15702298283576966,3.137871473768428e-8,1,-6.383186246239348e-8,0.15702298283576966,-6.796720697366254e-8,-0.9875949621200562],"CCameraCFrame":[132.0697021484375,-0.5313997268676758,-226.2139129638672,0.9790917634963989,-0.14631187915802003,0.14132361114025117,-7.450581485102248e-9,0.694739580154419,0.7192614674568176,-0.20341959595680238,-0.7042229771614075,0.6802136898040772],"time":0.18572449684143067},{"ShiftLock":false,"VVelocity":[3.257061243057251,0.00032935175113379955,15.664976119995118],"AAnimation":{"Name":"WalkAnim","Weight":0},"CCFrame":[129.25881958007813,-16.475431442260743,-239.74325561523438,-0.9875949621200562,2.09663912897895e-8,-0.15702298283576966,3.137871473768428e-8,1,-6.383186246239348e-8,0.15702298283576966,-6.796720697366254e-8,-0.9875949621200562],"CCameraCFrame":[132.08567810058595,-0.5313949584960938,-226.0810546875,0.9792576432228088,-0.14573641121387483,0.14076770842075349,0,0.6947393417358398,0.7192615866661072,-0.2026194930076599,-0.7043424248695374,0.6803287267684937],"time":0.19167208671569825},{"ShiftLock":false,"VVelocity":[3.244042158126831,0.00035389498225413263,15.667678833007813],"AAnimation":{"Name":"WalkAnim","Weight":0},"CCFrame":[129.28585815429688,-16.475427627563478,-239.61268615722657,-0.9870960116386414,1.546991335032999e-8,-0.1601296365261078,2.329030124315068e-8,1,-4.696100930345892e-8,0.1601296365261078,-5.0084491221014107e-8,-0.9870960116386414],"CCameraCFrame":[132.07452392578126,-0.5313940048217773,-226.07875061035157,0.9794228076934815,-0.14516083896160127,0.14021176099777223,7.450580596923828e-9,0.6947394013404846,0.719261646270752,-0.20181924104690553,-0.7044612765312195,0.6804435849189758],"time":0.19854354858398438},{"ShiftLock":false,"VVelocity":[3.231207847595215,0.00036099960561841726,15.670331001281739],"AAnimation":{"Name":"WalkAnim","Weight":0},"CCFrame":[129.3127899169922,-16.47542381286621,-239.4821014404297,-0.9866310358047485,1.0013592621760381e-8,-0.16297005116939546,1.512932534808442e-8,1,-3.0149525542810809e-8,0.16297005116939546,-3.2212085443461549e-8,-0.9866310358047485],"CCameraCFrame":[132.09039306640626,-0.5313901901245117,-225.94589233398438,0.9795873165130615,-0.1445852816104889,0.13965582847595216,-7.450580596923828e-9,0.6947392821311951,0.719261646270752,-0.2010190337896347,-0.7045795917510986,0.6805577874183655],"time":0.20456910133361817},{"ShiftLock":false,"VVelocity":[3.218400478363037,0.0003632601583376527,15.672966003417969],"AAnimation":{"Name":"WalkAnim","Weight":0},"CCFrame":[129.33961486816407,-16.475419998168947,-239.3514862060547,-0.9861992597579956,4.5941157544859838e-9,-0.165562704205513,6.906510474635752e-9,1,-1.3391182385191769e-8,0.165562704205513,-1.434983509795984e-8,-0.9861992597579956],"CCameraCFrame":[132.11732482910157,-0.5313863754272461,-225.8153076171875,0.9795873165130615,-0.1445852816104889,0.13965582847595216,-7.450580596923828e-9,0.6947392821311951,0.719261646270752,-0.2010190337896347,-0.7045795917510986,0.6805577874183655],"time":0.2107856273651123},{"ShiftLock":false,"VVelocity":[3.218400478363037,0.0003632601583376527,15.672966003417969],"AAnimation":{"Name":"WalkAnim","Weight":0},"CCFrame":[129.33961486816407,-16.475419998168947,-239.3514862060547,-0.9861992597579956,4.5941157544859838e-9,-0.165562704205513,6.906510474635752e-9,1,-1.3391182385191769e-8,0.165562704205513,-1.434983509795984e-8,-0.9861992597579956],"CCameraCFrame":[132.1329803466797,-0.5313806533813477,-225.68240356445313,0.9797512292861939,-0.14400985836982728,0.13909992575645448,0,0.6947391629219055,0.7192617654800415,-0.20021897554397584,-0.7046976089477539,0.6806714534759522],"time":0.21680784225463868},{"ShiftLock":false,"VVelocity":[3.2055981159210207,0.0003639060305431485,15.675589561462403],"AAnimation":{"Name":"WalkAnim","Weight":0},"CCFrame":[129.3663330078125,-16.47541618347168,-239.22085571289063,-0.9857998490333557,-7.915894606469465e-10,-0.16792459785938264,-1.3684905431077255e-9,1,3.31975313905275e-9,0.16792459785938264,3.502415468759068e-9,-0.9857998490333557],"CCameraCFrame":[132.1329803466797,-0.5313777923583984,-225.68240356445313,0.9797512292861939,-0.14400987327098847,0.13909992575645448,0,0.6947391033172607,0.719261884689331,-0.20021897554397584,-0.7046977281570435,0.6806713938713074],"time":0.22218060493469239},{"ShiftLock":false,"VVelocity":[3.2037978172302248,0.0003639060305431485,15.675958633422852],"AAnimation":{"Name":"WalkAnim","Weight":0},"CCFrame":[129.39303588867188,-16.475412368774415,-239.09022521972657,-0.9854239821434021,-6.146306130716539e-9,-0.17011623084545136,-9.687805224700697e-9,1,1.99880396678509e-8,0.17011623084545136,2.1344746414797556e-8,-0.9854239821434021],"CCameraCFrame":[132.14854431152345,-0.5313749313354492,-225.54949951171876,0.9799144268035889,-0.14343425631523133,0.138543963432312,0,0.6947391629219055,0.7192618250846863,-0.19941869378089906,-0.7048150300979614,0.6807848811149597],"time":0.22955822944641114},{"ShiftLock":false,"VVelocity":[3.2037978172302248,0.0003639060305431485,15.675958633422852],"AAnimation":{"Name":"WalkAnim","Weight":0},"CCFrame":[129.39303588867188,-16.475412368774415,-239.09022521972657,-0.9854239821434021,-6.146306130716539e-9,-0.17011623084545136,-9.687805224700697e-9,1,1.99880396678509e-8,0.17011623084545136,2.1344746414797556e-8,-0.9854239821434021],"CCameraCFrame":[132.16407775878907,-0.5313711166381836,-225.41659545898438,0.9800769090652466,-0.14285872876644135,0.13798806071281434,0,0.6947391629219055,0.7192618250846863,-0.19861853122711183,-0.704931914806366,0.6808977723121643],"time":0.2344989776611328},{"ShiftLock":false,"VVelocity":[3.1815388202667238,0.0003274141054134816,15.680489540100098],"AAnimation":{"Name":"WalkAnim","Weight":0},"CCFrame":[129.4195556640625,-16.47541046142578,-238.9595489501953,-0.985085129737854,-1.1472277350321747e-8,-0.1720678210258484,-1.8042344507307463e-8,1,3.661909531160745e-8,0.1720678210258484,3.9177432853421126e-8,-0.985085129737854],"CCameraCFrame":[132.16407775878907,-0.5313711166381836,-225.41659545898438,0.9800769090652466,-0.14285872876644135,0.13798806071281434,0,0.6947391629219055,0.7192618250846863,-0.19861853122711183,-0.704931914806366,0.6808977723121643],"time":0.24048423767089845},{"ShiftLock":false,"VVelocity":[3.178408622741699,0.00031643424881622195,15.68112564086914],"AAnimation":{"Name":"WalkAnim","Weight":0},"CCFrame":[129.446044921875,-16.47540855407715,-238.82887268066407,-0.9847685098648071,-1.6772332855907736e-8,-0.17387060821056367,-2.6427583676991163e-8,1,5.321611240560742e-8,0.17387060821056367,5.700053051782561e-8,-0.9847685098648071],"CCameraCFrame":[132.1699981689453,-0.5399179458618164,-225.2727508544922,0.9803999662399292,-0.1416233479976654,0.13696259260177613,7.450580596923828e-9,0.6951795816421509,0.7188361287117004,-0.1970175802707672,-0.7047469019889832,0.6815540194511414],"time":0.24748468399047852},{"ShiftLock":false,"VVelocity":[3.1559553146362306,0.000386834581149742,15.68565845489502],"AAnimation":{"Name":"WalkAnim","Weight":0},"CCFrame":[129.47235107421876,-16.475404739379884,-238.6981658935547,-0.9844867587089539,-2.204843418951441e-8,-0.17545877397060395,-3.4833220752261698e-8,1,6.978510924682269e-8,0.17545877397060395,7.481431651967796e-8,-0.9844867587089539],"CCameraCFrame":[132.1964874267578,-0.5399160385131836,-225.14207458496095,0.9803999662399292,-0.1416233479976654,0.13696259260177613,7.450580596923828e-9,0.6951795816421509,0.7188361287117004,-0.1970175802707672,-0.7047469019889832,0.6815540194511414],"time":0.252225399017334},{"ShiftLock":false,"VVelocity":[3.1559553146362306,0.000386834581149742,15.68565845489502],"AAnimation":{"Name":"WalkAnim","Weight":0},"CCFrame":[129.47235107421876,-16.475404739379884,-238.6981658935547,-0.9844867587089539,-2.204843418951441e-8,-0.17545877397060395,-3.4833220752261698e-8,1,6.978510924682269e-8,0.17545877397060395,7.481431651967796e-8,-0.9844867587089539],"CCameraCFrame":[132.2116241455078,-0.5399112701416016,-225.00912475585938,0.9805605411529541,-0.14104782044887544,0.13640597462654115,0,0.6951795220375061,0.7188361883163452,-0.19621692597866059,-0.7048624157905579,0.6816655397415161],"time":0.2589991092681885},{"ShiftLock":false,"VVelocity":[3.141788959503174,0.00012654709280468524,15.68850326538086],"AAnimation":{"Name":"WalkAnim","Weight":0},"CCFrame":[129.49853515625,-16.47540283203125,-238.5674285888672,-0.9842327833175659,-2.7303157068558904e-8,-0.17687806487083436,-4.3254917869717249e-8,1,8.63292441977137e-8,0.17687806487083436,9.261891875667061e-8,-0.9842327833175659],"CCameraCFrame":[132.20216369628907,-0.5484609603881836,-224.99822998046876,0.9807204604148865,-0.14038875699043275,0.13593506813049317,7.4505797087454088e-9,0.6956195831298828,0.7184104323387146,-0.19541580975055695,-0.7045598030090332,0.6822083592414856],"time":0.2649235725402832},{"ShiftLock":false,"VVelocity":[3.12878155708313,0.0000897322315722704,15.69110107421875],"AAnimation":{"Name":"WalkAnim","Weight":0},"CCFrame":[129.5246124267578,-16.47540283203125,-238.43667602539063,-0.9840041399002075,-3.253856206697492e-8,-0.17814549803733827,-5.16879268275261e-8,1,1.0285172180601876e-7,0.17814549803733827,1.1041449710091911e-7,-0.9840041399002075],"CCameraCFrame":[132.2188720703125,-0.5570211410522461,-224.85659790039063,0.9808798432350159,-0.13973021507263184,0.1354633867740631,0,0.6960596442222595,0.7179840803146362,-0.19461464881896974,-0.7042561173439026,0.6827508211135864],"time":0.27071690559387209},{"ShiftLock":false,"VVelocity":[3.115936517715454,0.00008440376404905692,15.693655967712403],"AAnimation":{"Name":"WalkAnim","Weight":0},"CCFrame":[129.5505828857422,-16.47540283203125,-238.30589294433595,-0.9837994575500488,-2.7682849790267029e-8,-0.17927245795726777,-4.407722897781241e-8,1,8.746633284317795e-8,0.17927245795726777,9.395116506993873e-8,-0.9837994575500488],"CCameraCFrame":[132.23374938964845,-0.5570192337036133,-224.7236328125,0.9810385704040527,-0.13915473222732545,0.13490541279315949,0,0.6960594058036804,0.7179841995239258,-0.19381308555603028,-0.7043702006340027,0.6828610301017761],"time":0.27746152877807619},{"ShiftLock":false,"VVelocity":[3.115936517715454,0.00008440376404905692,15.693655967712403],"AAnimation":{"Name":"WalkAnim","Weight":0},"CCFrame":[129.5505828857422,-16.47540283203125,-238.30589294433595,-0.9837994575500488,-2.7682849790267029e-8,-0.17927245795726777,-4.407722897781241e-8,1,8.746633284317795e-8,0.17927245795726777,9.395116506993873e-8,-0.9837994575500488],"CCameraCFrame":[132.24851989746095,-0.5570173263549805,-224.59063720703126,0.9811965227127075,-0.1385791301727295,0.1343473643064499,0,0.6960593461990356,0.7179842591285706,-0.19301137328147889,-0.704483687877655,0.6829710006713867],"time":0.2832305431365967},{"ShiftLock":false,"VVelocity":[3.0920848846435549,0.00006535046122735366,15.698372840881348],"AAnimation":{"Name":"WalkAnim","Weight":0},"CCFrame":[129.57635498046876,-16.47540283203125,-238.17507934570313,-0.983625590801239,-2.2841655678007556e-8,-0.1802239567041397,-3.6434244066185786e-8,1,7.211027508446932e-8,0.1802239567041397,7.7495833750163e-8,-0.983625590801239],"CCameraCFrame":[132.25021362304688,-0.5655803680419922,-224.58197021484376,0.9811965227127075,-0.1384969800710678,0.1344323754310608,0,0.6964989900588989,0.7175578474998474,-0.1930115818977356,-0.7040652632713318,0.6834023594856262],"time":0.2887113094329834},{"ShiftLock":false,"VVelocity":[3.088733673095703,0.00006276696512941271,15.699034690856934],"AAnimation":{"Name":"WalkAnim","Weight":0},"CCFrame":[129.6020965576172,-16.47540283203125,-238.04425048828126,-0.9834659099578857,-1.8013128766369847e-8,-0.18109333515167237,-2.8770770654773515e-8,1,5.6777043511146988e-8,0.18109333515167237,6.104848182530987e-8,-0.9834659099578857],"CCameraCFrame":[132.2664794921875,-0.5741558074951172,-224.44029235839845,0.9813538789749146,-0.13783977925777436,0.1339585930109024,7.450581485102248e-9,0.6969386339187622,0.7171308398246765,-0.19221007823944093,-0.7037591338157654,0.6839433312416077],"time":0.2956101894378662},{"ShiftLock":false,"VVelocity":[3.088733673095703,0.00006276696512941271,15.699034690856934],"AAnimation":{"Name":"WalkAnim","Weight":0},"CCFrame":[129.6020965576172,-16.47540283203125,-238.04425048828126,-0.9834659099578857,-1.8013128766369847e-8,-0.18109333515167237,-2.8770770654773515e-8,1,5.6777043511146988e-8,0.18109333515167237,6.104848182530987e-8,-0.9834659099578857],"CCameraCFrame":[132.29391479492188,-0.5827293395996094,-224.30081176757813,0.9813538193702698,-0.13775765895843507,0.13404294848442079,0,0.697377622127533,0.7167038917541504,-0.19221000373363496,-0.7033401131629944,0.6843741536140442],"time":0.3017096519470215},{"ShiftLock":false,"VVelocity":[3.0772407054901125,0.00006212109292391688,15.701292037963868],"AAnimation":{"Name":"WalkAnim","Weight":0},"CCFrame":[129.62774658203126,-16.47540283203125,-237.9134063720703,-0.983325183391571,-1.3196292947270649e-8,-0.18185603618621827,-2.1088657931045419e-8,1,4.1465295197440358e-8,0.18185603618621827,4.460897073954584e-8,-0.983325183391571],"CCameraCFrame":[132.28269958496095,-0.582728385925293,-224.29861450195313,0.9815104603767395,-0.13718345761299134,0.13348421454429627,0,0.6973776817321777,0.7167039513587952,-0.19140881299972535,-0.7034524083137512,0.6844834089279175],"time":0.3078348636627197},{"ShiftLock":false,"VVelocity":[3.064607858657837,0.000008674964192323387,15.70376205444336],"AAnimation":{"Name":"WalkAnim","Weight":0},"CCFrame":[129.65328979492188,-16.47540283203125,-237.7825469970703,-0.9832032322883606,-8.389942074416013e-9,-0.18251396715641023,-1.3391747266666698e-8,1,2.6172612521691009e-8,0.18251396715641023,2.817717792424901e-8,-0.9832032322883606],"CCameraCFrame":[132.2987823486328,-0.591313362121582,-224.1569366455078,0.9816665649414063,-0.136526957154274,0.13300837576389314,0,0.6978166103363037,0.7162764668464661,-0.1906065046787262,-0.7031446695327759,0.6850231885910034],"time":0.3138737678527832},{"ShiftLock":false,"VVelocity":[3.0517995357513429,0.0000012474056347855367,15.706254959106446],"AAnimation":{"Name":"WalkAnim","Weight":0},"CCFrame":[129.67872619628907,-16.47540283203125,-237.6516571044922,-0.9830992817878723,-3.592897090953784e-9,-0.1830732375383377,-5.683834736203153e-9,1,1.089660450759311e-8,0.1830732375383377,1.1753002127079526e-8,-0.9830992817878723],"CCameraCFrame":[132.3260040283203,-0.5999002456665039,-224.01742553710938,0.9816665649414063,-0.13644546270370484,0.133092001080513,-7.450580596923828e-9,0.6982553005218506,0.7158488631248474,-0.1906065195798874,-0.7027248740196228,0.6854538321495056],"time":0.3190155029296875},{"ShiftLock":false,"VVelocity":[3.0517995357513429,0.0000012474056347855367,15.706254959106446],"AAnimation":{"Name":"WalkAnim","Weight":0},"CCFrame":[129.67872619628907,-16.47540283203125,-237.6516571044922,-0.9830992817878723,-3.592897090953784e-9,-0.1830732375383377,-5.683834736203153e-9,1,1.089660450759311e-8,0.1830732375383377,1.1753002127079526e-8,-0.9830992817878723],"CCameraCFrame":[132.3418731689453,-0.6084966659545898,-223.87571716308595,0.9818218946456909,-0.13579033315181733,0.13261546194553376,-7.450581485102248e-9,0.6986938118934631,0.7154207825660706,-0.18980485200881959,-0.7024157643318176,0.6859928369522095],"time":0.3261532783508301},{"ShiftLock":false,"VVelocity":[3.038975715637207,2.7859357487614036e-7,15.708742141723633],"AAnimation":{"Name":"WalkAnim","Weight":0},"CCFrame":[129.7040557861328,-16.47540283203125,-237.520751953125,-0.9830121397972107,1.1959490064938905e-9,-0.18354041874408723,2.0316035520551169e-9,1,-4.364934635958662e-9,0.18354041874408723,-4.6636654538190218e-9,-0.9830121397972107],"CCameraCFrame":[132.34353637695313,-0.617091178894043,-223.86708068847657,0.9818218946456909,-0.13570889830589295,0.1326984167098999,0,0.6991318464279175,0.7149928212165833,-0.1898045539855957,-0.7019956111907959,0.6864229440689087],"time":0.3320896625518799},{"ShiftLock":false,"VVelocity":[3.0371687412261965,-4.4343750005282348e-8,15.709092140197754],"AAnimation":{"Name":"WalkAnim","Weight":0},"CCFrame":[129.7293701171875,-16.47540283203125,-237.3898468017578,-0.9829325675964356,5.977563777292971e-9,-0.1839662790298462,9.752234575444163e-9,1,-1.961351081547491e-8,0.1839662790298462,-2.107283947339056e-8,-0.9829325675964356],"CCameraCFrame":[132.35760498046876,-0.6170883178710938,-223.7340087890625,0.9819766879081726,-0.1351354420185089,0.13213762640953065,0,0.6991317868232727,0.7149929404258728,-0.18900248408317567,-0.7021064162254334,0.6865310072898865],"time":0.3376336097717285},{"ShiftLock":false,"VVelocity":[3.0371687412261965,-4.4343750005282348e-8,15.709092140197754],"AAnimation":{"Name":"WalkAnim","Weight":0},"CCFrame":[129.7293701171875,-16.47540283203125,-237.3898468017578,-0.9829325675964356,5.977563777292971e-9,-0.1839662790298462,9.752234575444163e-9,1,-1.961351081547491e-8,0.1839662790298462,-2.107283947339056e-8,-0.9829325675964356],"CCameraCFrame":[132.38291931152345,-0.6170873641967773,-223.6031036376953,0.9819766283035278,-0.1351354569196701,0.13213761150836945,-7.450580596923828e-9,0.6991316676139832,0.7149930000305176,-0.18900248408317567,-0.7021064162254334,0.6865309476852417],"time":0.3433802127838135},{"ShiftLock":false,"VVelocity":[3.025885820388794,-4.4343750005282348e-8,15.71126937866211],"AAnimation":{"Name":"WalkAnim","Weight":0},"CCFrame":[129.7545928955078,-16.47540283203125,-237.25892639160157,-0.9828668832778931,1.0752464696395237e-8,-0.1843169778585434,1.747545219643598e-8,1,-3.485071431441611e-8,0.1843169778585434,-3.747463495074044e-8,-0.9828668832778931],"CCameraCFrame":[132.38291931152345,-0.6170864105224609,-223.6031036376953,0.9819766879081726,-0.1351354718208313,0.13213759660720826,7.450580596923828e-9,0.6991316676139832,0.7149930596351624,-0.18900248408317567,-0.7021065354347229,0.6865308880805969],"time":0.3505270481109619},{"ShiftLock":false,"VVelocity":[3.024299144744873,-4.4343750005282348e-8,15.711575508117676],"AAnimation":{"Name":"WalkAnim","Weight":0},"CCFrame":[129.77980041503907,-16.47540283203125,-237.12799072265626,-0.9828070402145386,1.5521438356813634e-8,-0.1846356838941574,2.5200730391361504e-8,1,-5.007708026028013e-8,0.1846356838941574,-5.3869062099920487e-8,-0.9828070402145386],"CCameraCFrame":[132.40814208984376,-0.6170864105224609,-223.47218322753907,0.9819766879081726,-0.1351354718208313,0.13213759660720826,7.450580596923828e-9,0.6991316676139832,0.7149930596351624,-0.18900248408317567,-0.7021065354347229,0.6865308880805969],"time":0.35578465461730959},{"ShiftLock":false,"VVelocity":[3.024075984954834,-1.6594752073287964,15.71161937713623],"AAnimation":{"Name":"WalkAnim","Weight":0},"CCFrame":[129.8050079345703,-16.48923110961914,-236.99705505371095,-0.9827514290809631,2.028483692129157e-8,-0.18493135273456574,3.2927516713243679e-8,1,-6.52930296496379e-8,0.18493135273456574,-7.025614934264013e-8,-0.9827514290809631],"CCameraCFrame":[132.433349609375,-0.6170864105224609,-223.34124755859376,0.9819766879081726,-0.1351354718208313,0.13213759660720826,7.450580596923828e-9,0.6991316676139832,0.7149930596351624,-0.18900248408317567,-0.7021065354347229,0.6865308880805969],"time":0.36202025413513186},{"ShiftLock":false,"VVelocity":[3.024075984954834,-1.6594752073287964,15.71161937713623],"AAnimation":{"Name":"WalkAnim","Weight":0},"CCFrame":[129.8050079345703,-16.48923110961914,-236.99705505371095,-0.9827514290809631,2.028483692129157e-8,-0.18493135273456574,3.2927516713243679e-8,1,-6.52930296496379e-8,0.18